% Model:              Denominators_sphereDipole.mph
% Version:            COMSOL 6.2.0.290
% Date:               Nov 10 2025, 21:36
% Dimension:          1
% Nodes:              361
% Expressions:        10
% Description:        Radiation pattern
% theta                   (emw.normEfar^2+emw.normEfar2^2) Elevation angle          (emw.normEfar^2+emw.normEfar2^2) Elevation angle          (emw.normEfar^2+emw.normEfar2^2) Elevation angle          (emw.normEfar^2+emw.normEfar2^2) Elevation angle          (emw.normEfar^2+emw.normEfar2^2) Elevation angle
0                         0                        0                        0                        0                        0                        0                        0                        0                        0                        0
0.017453292519943295      2.9609827490740384E-14   0.017453292519943295     2.695748333796135E-14    0.017453292519943295     1.8159394133286122E-14   0.017453292519943295     7.960209881823772E-15    0.017453292519943295     1.2381246770884205E-15   0.017453292519943295
0.03490658503988659       6.230775849532219E-16    0.03490658503988659      5.256171614355291E-15    0.03490658503988659      1.0370954234037988E-14   0.03490658503988659      3.3157391065440354E-15   0.03490658503988659      7.235499374345078E-16    0.03490658503988659
0.05235987755982988       1.39268671243243E-14     0.05235987755982988      1.5830053939289441E-15   0.05235987755982988      6.5847215539080445E-15   0.05235987755982988      4.533459513589006E-15    0.05235987755982988      8.518467067495099E-16    0.05235987755982988
0.06981317007977318       8.47983679953835E-16     0.06981317007977318      5.5919694803400915E-15   0.06981317007977318      1.8667665661636866E-15   0.06981317007977318      1.6941789647631655E-15   0.06981317007977318      5.918988389734253E-15    0.06981317007977318
0.08726646259971647       4.045964748354084E-15    0.08726646259971647      5.9270419432978115E-15   0.08726646259971647      1.8620399376316346E-15   0.08726646259971647      4.759203065786529E-15    0.08726646259971647      1.5865362780805717E-15   0.08726646259971647
0.10471975511965977       5.288295186659508E-15    0.10471975511965977      2.3706435085584446E-15   0.10471975511965977      2.4423270432879124E-15   0.10471975511965977      1.8308211216030157E-15   0.10471975511965977      7.312562289902999E-15    0.10471975511965977
0.12217304763960307       8.132808629097103E-15    0.12217304763960307      3.41047769306673E-15     0.12217304763960307      3.818521331864873E-15    0.12217304763960307      5.979624883701192E-15    0.12217304763960307      1.3866697246653086E-15   0.12217304763960307
0.13962634015954636       3.3182601278776356E-15   0.13962634015954636      7.949771163999744E-15    0.13962634015954636      7.031278276268667E-15    0.13962634015954636      2.743071822151245E-15    0.13962634015954636      5.236685321268331E-15    0.13962634015954636
0.15707963267948966       2.8881713255016736E-15   0.15707963267948966      5.147629328380979E-15    0.15707963267948966      5.30250977564503E-15     0.15707963267948966      7.897828978295853E-15    0.15707963267948966      4.348920510567263E-15    0.15707963267948966
0.17453292519943295       1.312123144284053E-14    0.17453292519943295      4.561923007523254E-15    0.17453292519943295      8.340983801388233E-15    0.17453292519943295      4.1627572590905076E-15   0.17453292519943295      3.96293776869988E-15     0.17453292519943295
0.19198621771937624       7.54551341491074E-15     0.19198621771937624      1.0706727287626105E-14   0.19198621771937624      5.480841283365156E-15    0.19198621771937624      1.0405982407083233E-14   0.19198621771937624      1.0205571575013336E-14   0.19198621771937624
0.20943951023931953       5.515569120993865E-15    0.2094395102393195       8.68626478805445E-15     0.2094395102393195       8.765251327708184E-15    0.2094395102393195       5.975027009850436E-15    0.2094395102393195       4.58876099756514E-15     0.2094395102393195
0.22689280275926285       1.0638577486783923E-14   0.22689280275926285      7.747175402684103E-15    0.22689280275926285      9.753348459801225E-15    0.22689280275926285      1.3477480872143454E-14   0.22689280275926285      1.4915726878740234E-14   0.22689280275926285
0.24434609527920614       1.7851716657568653E-14   0.24434609527920614      1.4474371423562085E-14   0.24434609527920614      1.0916241437984038E-14   0.24434609527920614      8.117198789627303E-15    0.24434609527920614      6.730467062892732E-15    0.24434609527920614
0.2617993877991494        1.059231109821018E-14    0.2617993877991494       1.2758598270330854E-14   0.2617993877991494       1.5482818784831197E-14   0.2617993877991494       1.706302093923583E-14    0.2617993877991494       1.6667379869272673E-14   0.2617993877991494
0.2792526803190927        9.998454835351248E-15    0.2792526803190927       1.2267417673165698E-14   0.2792526803190927       1.215187633736196E-14    0.2792526803190927       1.052912124595715E-14    0.2792526803190927       1.0781451919413024E-14   0.2792526803190927
0.29670597283903605       2.1582905667711688E-14   0.2967059728390361       1.9416709682324536E-14   0.2967059728390361       1.795992684660463E-14    0.2967059728390361       2.096402389378994E-14    0.2967059728390361       1.6901500172510053E-14   0.2967059728390361
0.3141592653589793        2.2073778646121806E-14   0.3141592653589793       1.7522974464596988E-14   0.3141592653589793       1.588319286729243E-14    0.3141592653589793       1.328871862179309E-14    0.3141592653589793       1.6775390520631337E-14   0.3141592653589793
0.3316125578789226        1.5437344451922408E-14   0.3316125578789226       1.7585170909928748E-14   0.3316125578789226       1.9815664676119797E-14   0.3316125578789226       2.4904545963297816E-14   0.3316125578789226       1.7384588552062256E-14   0.3316125578789226
0.3490658503988659        1.8557345300016595E-14   0.3490658503988659       2.5468642961124773E-14   0.3490658503988659       2.3971197552466605E-14   0.3490658503988659       1.657145208348498E-14    0.3490658503988659       2.365780104251687E-14    0.3490658503988659
0.3665191429188092        3.21075146352403E-14     0.3665191429188092       2.3202107150765623E-14   0.3665191429188092       2.1020902469949158E-14   0.3665191429188092       2.846921270196436E-14    0.3665191429188092       1.895781122647807E-14    0.3665191429188092
0.3839724354387525        2.7935543444758424E-14   0.3839724354387525       2.3347154374051406E-14   0.3839724354387525       2.901094933712168E-14    0.3839724354387525       2.0864160289746485E-14   0.3839724354387525       3.0279214017726374E-14   0.3839724354387525
0.40142572795869574       2.1971052776509745E-14   0.40142572795869574      3.2498157762321224E-14   0.40142572795869574      2.526376488340009E-14    0.40142572795869574      3.1314993774217783E-14   0.40142572795869574      2.169276570763365E-14    0.40142572795869574
0.41887902047863906       2.9471103167716325E-14   0.41887902047863906      3.002666578917339E-14    0.41887902047863906      3.070514181013135E-14    0.41887902047863906      2.686739401361808E-14    0.41887902047863906      3.6238671660855436E-14   0.41887902047863906
0.4363323129985824        4.2432371519220445E-14   0.4363323129985824       2.929881215296359E-14    0.4363323129985824       3.5565642363863123E-14   0.4363323129985824       3.326839858509095E-14    0.4363323129985824       2.53683007824439E-14     0.4363323129985824
0.4537856055185257        3.5985626247498885E-14   0.45378560551852565      4.018834672175108E-14    0.45378560551852565      3.1069056234889443E-14   0.45378560551852565      3.5053657925321804E-14   0.45378560551852565      4.170463156526202E-14    0.45378560551852565
0.47123889803846897       3.028287958528254E-14    0.4712388980384689       3.827279195700319E-14    0.4712388980384689       4.135269532331255E-14    0.4712388980384689       3.4670210767549335E-14   0.4712388980384689       2.970400066529726E-14    0.4712388980384689
0.4886921905584123        4.06161173054171E-14     0.4886921905584123       3.5484324027743343E-14   0.4886921905584123       3.8362485167124696E-14   0.4886921905584123       4.4547074341238736E-14   0.4886921905584123       4.708637758235569E-14    0.4886921905584123
0.5061454830783556        5.36958259383168E-14     0.5061454830783556       4.776836327090311E-14    0.5061454830783556       4.133558746746298E-14    0.5061454830783556       3.647451623370027E-14    0.5061454830783556       3.4369662608755896E-14   0.5061454830783556
0.5235987755982988        4.6638948858103295E-14   0.5235987755982988       4.818697451158451E-14    0.5235987755982988       5.050621059642602E-14    0.5235987755982988       5.2416459621872487E-14   0.5235987755982988       5.266672811094215E-14    0.5235987755982988
0.5410520681182421        3.99381481709043E-14     0.5410520681182421       4.2611187501319637E-14   0.5410520681182421       4.290360656864522E-14    0.5410520681182421       4.090491990263865E-14    0.5410520681182421       3.9273303958541684E-14   0.5410520681182421
0.5585053606381855        5.050889335368593E-14    0.5585053606381855       5.387069770388999E-14    0.5585053606381855       5.292413037730871E-14    0.5585053606381855       5.54488667018043E-14     0.5585053606381855       5.84167522775755E-14     0.5585053606381855
0.5759586531581288        6.600320577866402E-14    0.5759586531581288       5.967972294428341E-14    0.5759586531581288       5.736916716023414E-14    0.5759586531581288       5.105135624283559E-14    0.5759586531581288       4.457244828924469E-14    0.5759586531581288
0.5934119456780721        6.069691366635188E-14    0.5934119456780721       5.238637523079374E-14    0.5934119456780721       5.053092025459544E-14    0.5934119456780721       5.423034721296475E-14    0.5934119456780721       6.384038065101388E-14    0.5934119456780721
0.6108652381980153        5.122765657831835E-14    0.6108652381980153       5.742712700906062E-14    0.6108652381980153       6.432699234064997E-14    0.6108652381980153       6.523567271583194E-14    0.6108652381980153       5.0881114578017515E-14   0.6108652381980153
0.6283185307179586        5.810966727908517E-14    0.6283185307179586       7.085647642601594E-14    0.6283185307179586       6.391317078282463E-14    0.6283185307179586       5.39654375618171E-14     0.6283185307179586       6.78581812048339E-14     0.6283185307179586
0.6457718232379019        7.722273764442091E-14    0.6457718232379019       6.636394745069496E-14    0.6457718232379019       5.946792763774638E-14    0.6457718232379019       7.309511055103188E-14    0.6457718232379019       5.932879679028335E-14    0.6457718232379019
0.6632251157578452        7.874962773231981E-14    0.6632251157578452       6.120613462290117E-14    0.6632251157578452       7.508480836008191E-14    0.6632251157578452       6.328613954605336E-14    0.6632251157578452       6.942337989301431E-14    0.6632251157578452
0.6806784082777885        6.663440564755048E-14    0.6806784082777885       7.666396816970304E-14    0.6806784082777885       7.195515409407732E-14    0.6806784082777885       6.971685155277519E-14    0.6806784082777885       7.096300105293315E-14    0.6806784082777885
0.6981317007977318        6.454956608069001E-14    0.6981317007977318       8.307268141363035E-14    0.6981317007977318       6.810015430729436E-14    0.6981317007977318       8.167943689318516E-14    0.6981317007977318       6.874871827564543E-14    0.6981317007977318
0.715584993317675         8.225671174773456E-14    0.715584993317675        7.313525779241156E-14    0.715584993317675        8.518478115503925E-14    0.715584993317675        6.75325096868376E-14     0.715584993317675        8.444225943168341E-14    0.715584993317675
0.7330382858376184        9.707079943169778E-14    0.7330382858376184       7.513682865493096E-14    0.7330382858376184       8.240030975506934E-14    0.7330382858376184       8.721888281000806E-14    0.7330382858376184       6.926103931609738E-14    0.7330382858376184
0.7504915783575616        9.009659005514213E-14    0.7504915783575616       9.348106515320839E-14    0.7504915783575616       7.561030288663882E-14    0.7504915783575616       8.403401514367531E-14    0.7504915783575616       9.336821120149614E-14    0.7504915783575616
0.767944870877505         7.754482669965275E-14    0.767944870877505        9.470213776473824E-14    0.767944870877505        9.377513606977684E-14    0.767944870877505        7.830164430091612E-14    0.767944870877505        7.753072152251892E-14    0.767944870877505
0.7853981633974483        8.069249202121301E-14    0.7853981633974483       8.271635107363589E-14    0.7853981633974483       9.5896237627093E-14      0.7853981633974483       1.0063214995395055E-13   0.7853981633974483       9.095628698077344E-14    0.7853981633974483
0.8028514559173915        1.0171552938427983E-13   0.8028514559173915       8.808270101701742E-14    0.8028514559173915       8.336154747829956E-14    0.8028514559173915       8.817536723529573E-14    0.8028514559173915       9.64385985439666E-14     0.8028514559173915
0.8203047484373349        1.153992618780022E-13    0.8203047484373349       1.0790584384834299E-13   0.8203047484373349       9.841492837657053E-14    0.8203047484373349       8.976075940423523E-14    0.8203047484373349       8.421371622945855E-14    0.8203047484373349
0.8377580409572781        1.0746308297091159E-13   0.8377580409572781       1.0930272629428182E-13   0.8377580409572781       1.1088842700626825E-13   0.8377580409572781       1.114918437683579E-13    0.8377580409572781       1.1034361367015834E-13   0.8377580409572781
0.8552113334772214        9.300015031694674E-14    0.8552113334772216       9.548726964492098E-14    0.8552113334772216       9.679650749008676E-14    0.8552113334772216       9.590255283203401E-14    0.8552113334772216       9.378897442202547E-14    0.8552113334772216
0.8726646259971648        9.248514744848593E-14    0.8726646259971648       9.65574062017732E-14     0.8726646259971648       9.77256323424302E-14     0.8726646259971648       9.824878396325712E-14    0.8726646259971648       1.0098928882982409E-13   0.8726646259971648
0.890117918517108         1.1183670102815721E-13   0.890117918517108        1.1800421541003196E-13   0.890117918517108        1.1960374002658575E-13   0.890117918517108        1.2180728601286733E-13   0.890117918517108        1.1930797046746978E-13   0.890117918517108
0.9075712110370514        1.3247737064883783E-13   0.9075712110370514       1.2767375460575258E-13   0.9075712110370514       1.1996294755205933E-13   0.9075712110370514       1.0806483519596914E-13   0.9075712110370514       9.734023075843708E-14    0.9075712110370514
0.9250245035569946        1.3382400263813228E-13   0.9250245035569946       1.1539394693959063E-13   0.9250245035569946       1.0313639175331641E-13   0.9250245035569946       1.026774996318209E-13    0.9250245035569946       1.1582715826948346E-13   0.9250245035569946
0.9424777960769379        1.188467415032136E-13    0.9424777960769379       1.0392711080136192E-13   0.9424777960769379       1.1280027481049772E-13   0.9424777960769379       1.2897143101171927E-13   0.9424777960769379       1.268871042897247E-13    0.9424777960769379
0.9599310885968813        1.0548821224775344E-13   0.9599310885968814       1.1680457445016287E-13   0.9599310885968814       1.3532600902495784E-13   0.9599310885968814       1.2696403197908807E-13   0.9599310885968814       1.0438077270512201E-13   0.9599310885968814
0.9773843811168246        1.0927398306665895E-13   0.9773843811168246       1.3980526965207475E-13   0.9773843811168246       1.324455951619645E-13    0.9773843811168246       1.0775759306856358E-13   0.9773843811168246       1.245410988884722E-13    0.9773843811168246
0.9948376736367678        1.3080691134862152E-13   0.9948376736367677       1.4456507805736932E-13   0.9948376736367677       1.1361363964112467E-13   0.9948376736367677       1.2566205313666945E-13   0.9948376736367677       1.3858172429516938E-13   0.9948376736367677
1.0122909661567112        1.532754026711666E-13    1.0122909661567112       1.2901590775009007E-13   1.0122909661567112       1.1986362165053005E-13   1.0122909661567112       1.4650848770722862E-13   1.0122909661567112       1.1389571141017086E-13   1.0122909661567112
1.0297442586766543        1.5928147215363438E-13   1.0297442586766543       1.1547075788145643E-13   1.0297442586766543       1.4533952885417026E-13   1.0297442586766543       1.29140721593878E-13     1.0297442586766543       1.2487372718779718E-13   1.0297442586766543
1.0471975511965976        1.4712979325326798E-13   1.0471975511965976       1.2503157935059346E-13   1.0471975511965976       1.5269620768521572E-13   1.0471975511965976       1.167014051982061E-13    1.0471975511965976       1.5151089383863304E-13   1.0471975511965976
1.064650843716541         1.2857067563843315E-13   1.064650843716541        1.5031576782327513E-13   1.064650843716541        1.3375306732721735E-13   1.064650843716541        1.4076761763848128E-13   1.064650843716541        1.3323588002129286E-13   1.064650843716541
1.0821041362364843        1.1827233417328566E-13   1.0821041362364843       1.660235695922301E-13    1.0821041362364843       1.2113805653716654E-13   1.0821041362364843       1.6041222178869878E-13   1.0821041362364843       1.1989700140736906E-13   1.0821041362364843
1.0995574287564276        1.2526553796111308E-13   1.0995574287564276       1.5943063826866144E-13   1.0995574287564276       1.3796048843372574E-13   1.0995574287564276       1.4314069377177082E-13   1.0995574287564276       1.4829252871818512E-13   1.0995574287564276
1.117010721276371         1.4745928027845423E-13   1.117010721276371        1.3919421771242662E-13   1.117010721276371        1.645412628843656E-13    1.117010721276371        1.2394034165686116E-13   1.117010721276371        1.6327330597995916E-13   1.117010721276371
1.1344640137963142        1.7286498250249663E-13   1.1344640137963142       1.2569684157127756E-13   1.1344640137963142       1.708834333629524E-13    1.1344640137963142       1.3950898278047406E-13   1.1344640137963142       1.3794602124262901E-13   1.1344640137963142
1.1519173063162575        1.8818420497928783E-13   1.1519173063162575       1.3354721124823448E-13   1.1519173063162575       1.5184913164669185E-13   1.1519173063162575       1.6944976983320388E-13   1.1519173063162575       1.2682634650610977E-13   1.1519173063162575
1.1693705988362006        1.8712741865883157E-13   1.1693705988362006       1.5861859551376766E-13   1.1693705988362006       1.3123965798117064E-13   1.1693705988362006       1.7371984564189843E-13   1.1693705988362006       1.5472332787915217E-13   1.1693705988362006
1.1868238913561442        1.7220986847343875E-13   1.1868238913561442       1.8347431683482636E-13   1.1868238913561442       1.3406695292219518E-13   1.1868238913561442       1.4885601329678804E-13   1.1868238913561442       1.7857242185806443E-13   1.1868238913561442
1.2042771838760873        1.5144493370088216E-13   1.2042771838760873       1.929482361560801E-13    1.2042771838760873       1.5955260567367506E-13   1.2042771838760873       1.3041589265360592E-13   1.2042771838760873       1.6290410296175233E-13   1.2042771838760873
1.2217304763960306        1.3408117109685823E-13   1.2217304763960306       1.8321035276214704E-13   1.2217304763960306       1.8662625954002414E-13   1.2217304763960306       1.4294325604608474E-13   1.2217304763960306       1.3492996197076106E-13   1.2217304763960306
1.239183768915974         1.2730616893868687E-13   1.239183768915974        1.6130606447372612E-13   1.239183768915974        1.9544845817673807E-13   1.239183768915974        1.7470221301127604E-13   1.239183768915974        1.36203239366276E-13     1.239183768915974
1.2566370614359172        1.341960082733814E-13    1.2566370614359172       1.3988825572413982E-13   1.2566370614359172       1.811825964470482E-13    1.2566370614359172       1.9650532847590723E-13   1.2566370614359172       1.675507148551846E-13    1.2566370614359172
1.2740903539558606        1.5320920240528088E-13   1.2740903539558606       1.3046726960785282E-13   1.2740903539558606       1.550563041343671E-13    1.2740903539558606       1.9039161800234857E-13   1.2740903539558606       1.953360266166094E-13    1.2740903539558606
1.2915436464758039        1.793486901542348E-13    1.2915436464758039       1.3811467663327042E-13   1.2915436464758039       1.3500218941909629E-13   1.2915436464758039       1.6338622442407665E-13   1.2915436464758039       1.9219656241309274E-13   1.2915436464758039
1.3089969389957472        2.063286847313335E-13    1.3089969389957472       1.6026304736995386E-13   1.3089969389957472       1.334592426117143E-13    1.3089969389957472       1.379080743541065E-13    1.3089969389957472       1.6375088852426754E-13   1.3089969389957472
1.3264502315156903        2.286415226967327E-13    1.3264502315156903       1.8942175843069553E-13   1.3264502315156903       1.515469128868553E-13    1.3264502315156903       1.321626330870877E-13    1.3264502315156903       1.3668504896512134E-13   1.3264502315156903
1.3439035240356338        2.4275880856137773E-13   1.3439035240356338       2.17179129539995E-13     1.3439035240356338       1.8146923461367313E-13   1.3439035240356338       1.4969354822420208E-13   1.3439035240356338       1.3230049413532832E-13   1.3439035240356338
1.361356816555577         2.473644683306382E-13    1.361356816555577        2.371298802076083E-13    1.361356816555577        2.1240288185683286E-13   1.361356816555577        1.817012354750537E-13    1.361356816555577        1.5374300126229198E-13   1.361356816555577
1.3788101090755203        2.429499098983107E-13    1.3788101090755203       2.4602125868610043E-13   1.3788101090755203       2.3533352179924667E-13   1.3788101090755203       2.147573175637521E-13    1.3788101090755203       1.8924017543273066E-13   1.3788101090755203
1.3962634015954636        2.3116781786035364E-13   1.3962634015954636       2.4354666975478186E-13   1.3962634015954636       2.4533852814367674E-13   1.3962634015954636       2.376228055371315E-13    1.3962634015954636       2.2227705947530697E-13   1.3962634015954636
1.413716694115407         2.142108287381896E-13    1.413716694115407        2.3148088970200376E-13   1.413716694115407        2.417191728040147E-13    1.413716694115407        2.4473535690183854E-13   1.413716694115407        2.4073178878196803E-13   1.413716694115407
1.43116998663535          1.943347296944458E-13    1.43116998663535         2.1268807209194137E-13   1.43116998663535         2.2686719203218736E-13   1.43116998663535         2.363100174016427E-13    1.43116998663535         2.406397005264481E-13    1.43116998663535
1.4486232791552935        1.7355248559395988E-13   1.4486232791552935       1.9028394381675745E-13   1.4486232791552935       2.047160410066767E-13    1.4486232791552935       2.1634688492096763E-13   1.4486232791552935       2.2478346464335329E-13   1.4486232791552935
1.4660765716752369        1.5348077264181224E-13   1.4660765716752369       1.6705759590620608E-13   1.4660765716752369       1.793925031020004E-13    1.4660765716752369       1.9018082547320158E-13   1.4660765716752369       1.991692636472597E-13    1.4660765716752369
1.4835298641951802        1.3530344460474706E-13   1.4835298641951802       1.4517477527420594E-13   1.4835298641951802       1.5434553849700466E-13   1.4835298641951802       1.626794146489043E-13    1.4835298641951802       1.7005102740936985E-13   1.4835298641951802
1.5009831567151233        1.1981185580077247E-13   1.5009831567151233       1.2612278138532742E-13   1.5009831567151233       1.320031531786896E-13    1.5009831567151233       1.3741138153439057E-13   1.5009831567151233       1.423144590267275E-13    1.5009831567151233
1.5184364492350666        1.0748461829404678E-13   1.5184364492350666       1.1080491860138736E-13   1.5184364492350666       1.1383607391357698E-13   1.5184364492350666       1.1658104958869812E-13   1.5184364492350666       1.1906052265334747E-13   1.5184364492350666
1.53588974175501          9.857772724363811E-14    1.53588974175501         9.969345782585445E-14    1.53588974175501         1.0060126223457572E-13   1.53588974175501         1.0133663467495024E-13   1.53588974175501         1.019095233393848E-13    1.53588974175501
1.5533430342749535        9.32069375052938E-14     1.5533430342749535       9.298802497617852E-14    1.5533430342749535       9.260763470861561E-14    1.5533430342749535       9.212606121604655E-14    1.5533430342749535       9.150670907535016E-14    1.5533430342749535
1.5707963267948966        9.141289967711031E-14    1.5707963267948966       9.07497815554609E-14     1.5707963267948966       8.994182385727304E-14    1.5707963267948966       8.904900631538381E-14    1.5707963267948966       8.802912933607116E-14    1.5707963267948966
1.5882496193148399        9.320363952676868E-14    1.5882496193148399       9.298858641558412E-14    1.5882496193148399       9.261225382624707E-14    1.5882496193148399       9.212059191075003E-14    1.5882496193148399       9.150516581436076E-14    1.5882496193148399
1.605702911834783         9.857030774215052E-14    1.605702911834783        9.969234716826559E-14    1.605702911834783        1.0059902868633804E-13   1.605702911834783        1.0133383005912916E-13   1.605702911834783        1.0190996907158179E-13   1.605702911834783
1.6231562043547263        1.0747353371277209E-13   1.6231562043547263       1.1079897612743087E-13   1.6231562043547263       1.1381923031741533E-13   1.6231562043547263       1.1657219761862122E-13   1.6231562043547263       1.190554468639507E-13    1.6231562043547263
1.6406094968746698        1.1980052465493457E-13   1.6406094968746698       1.2611204192941599E-13   1.6406094968746698       1.3198555187011176E-13   1.6406094968746698       1.3739011811160875E-13   1.6406094968746698       1.422940720471192E-13    1.6406094968746698
1.6580627893946132        1.352969803514623E-13    1.6580627893946132       1.4516502382120246E-13   1.6580627893946132       1.5435000908425985E-13   1.6580627893946132       1.6266019933309323E-13   1.6580627893946132       1.700175967317538E-13    1.6580627893946132
1.6755160819145563        1.5348202475708532E-13   1.6755160819145563       1.6705539239036298E-13   1.6755160819145563       1.7941254586960187E-13   1.6755160819145563       1.901691208356227E-13    1.6755160819145563       1.9914628333081414E-13   1.6755160819145563
1.6929693744344996        1.7355870400026763E-13   1.6929693744344996       1.9028895923203555E-13   1.6929693744344996       2.0471757619808582E-13   1.6929693744344996       2.1633947359428083E-13   1.6929693744344996       2.2479907723283187E-13   1.6929693744344996
1.710422666954443         1.943383328231477E-13    1.710422666954443        2.1269361798321594E-13   1.710422666954443        2.2684002068016687E-13   1.710422666954443        2.36319205892937E-13     1.710422666954443        2.406506628828161E-13    1.710422666954443
1.7278759594743864        2.142043821953498E-13    1.7278759594743864       2.3148087023144406E-13   1.7278759594743864       2.416895344479714E-13    1.7278759594743864       2.447626794194744E-13    1.7278759594743864       2.406875780498634E-13    1.7278759594743864
1.7453292519943295        2.3114932529614353E-13   1.7453292519943295       2.4353739460242563E-13   1.7453292519943295       2.4532371009157846E-13   1.7453292519943295       2.3764154390169007E-13   1.7453292519943295       2.2220949282807687E-13   1.7453292519943295
1.7627825445142729        2.429239316535121E-13    1.7627825445142729       2.459999423929473E-13    1.7627825445142729       2.353215020187107E-13    1.7627825445142729       2.1475619323539638E-13   1.7627825445142729       1.8919214064492816E-13   1.7627825445142729
1.780235837034216         2.4733844535754075E-13   1.780235837034216        2.370993845742693E-13    1.780235837034216        2.1237984070888988E-13   1.780235837034216        1.8169166102723226E-13   1.780235837034216        1.5372710939540137E-13   1.780235837034216
1.7976891295541593        2.427383424876961E-13    1.7976891295541593       2.1714991631842524E-13   1.7976891295541593       1.8144085688426045E-13   1.7976891295541593       1.4968339238001721E-13   1.7976891295541593       1.322976865635743E-13    1.7976891295541593
1.8151424220741028        2.2862839223826214E-13   1.8151424220741028       1.8940139160996203E-13   1.8151424220741028       1.5152376135496953E-13   1.8151424220741028       1.321457715329941E-13    1.8151424220741028       1.3667691159583574E-13   1.8151424220741028
1.8325957145940461        2.0632173290180495E-13   1.8325957145940461       1.6024953791292946E-13   1.8325957145940461       1.3344020091530387E-13   1.8325957145940461       1.3787579624303006E-13   1.8325957145940461       1.6374260791122248E-13   1.8325957145940461
1.8500490071139892        1.7934546988014702E-13   1.8500490071139892       1.381033942270761E-13    1.8500490071139892       1.349805700312685E-13    1.8500490071139892       1.633501409657419E-13    1.8500490071139892       1.921867926579632E-13    1.8500490071139892
1.8675022996339325        1.5320709598011243E-13   1.8675022996339325       1.304567782111761E-13    1.8675022996339325       1.550292717601492E-13    1.8675022996339325       1.903731002195008E-13    1.8675022996339325       1.953244107187514E-13    1.8675022996339325
1.8849555921538759        1.3419267953652277E-13   1.8849555921538759       1.3987902015328416E-13   1.8849555921538759       1.8115598398503736E-13   1.8849555921538759       1.9649423387890544E-13   1.8849555921538759       1.6753367039289423E-13   1.8849555921538759
1.902408884673819         1.2729955947459822E-13   1.902408884673819        1.6129846878961226E-13   1.902408884673819        1.9543285245448142E-13   1.902408884673819        1.74671636690106E-13     1.902408884673819        1.3617861240373763E-13   1.902408884673819
1.9198621771937625        1.340695674100296E-13    1.9198621771937625       1.8320335281880023E-13   1.9198621771937625       1.866241128524018E-13    1.9198621771937625       1.4289870423448635E-13   1.9198621771937625       1.3491415575609513E-13   1.9198621771937625
1.9373154697137058        1.5142749118321144E-13   1.9373154697137058       1.9293746685716614E-13   1.9373154697137058       1.5955801242786584E-13   1.9373154697137058       1.3037557853066564E-13   1.9373154697137058       1.628979625374879E-13    1.9373154697137058
1.9547687622336491        1.7218758507055279E-13   1.9547687622336491       1.8345548569070387E-13   1.9547687622336491       1.340766732070018E-13    1.9547687622336491       1.4882295275122811E-13   1.9547687622336491       1.7857371366766672E-13   1.9547687622336491
1.9722220547535922        1.8710383508714402E-13   1.9722220547535922       1.5859686139224214E-13   1.9722220547535922       1.312517849764342E-13    1.9722220547535922       1.736916667839575E-13    1.9722220547535922       1.547268846482092E-13    1.9722220547535922
1.9896753472735356        1.8816374346144396E-13   1.9896753472735356       1.3353532852679032E-13   1.9896753472735356       1.5185780390431414E-13   1.9896753472735356       1.6943208883804793E-13   1.9896753472735356       1.268380463133532E-13    1.9896753472735356
2.007128639793479         1.7284940809428864E-13   2.007128639793479        1.257029823300816E-13    2.007128639793479        1.7088080424372753E-13   2.007128639793479        1.3951844030624905E-13   2.007128639793479        1.3796098793655968E-13   2.007128639793479
2.0245819323134224        1.4744756051618741E-13   2.0245819323134224       1.3921669725246136E-13   2.0245819323134224       1.645278477621618E-13    2.0245819323134224       1.239721986959671E-13    2.0245819323134224       1.6329211389066642E-13   2.0245819323134224
2.0420352248333655        1.2525726117785302E-13   2.0420352248333655       1.5945770510391533E-13   2.0420352248333655       1.379428050655901E-13    2.0420352248333655       1.4317222164916374E-13   2.0420352248333655       1.4828782205093256E-13   2.0420352248333655
2.0594885173533086        1.1826801366606223E-13   2.0594885173533086       1.6604394479528502E-13   2.0594885173533086       1.2112548508610177E-13   2.0594885173533086       1.6043443837833254E-13   2.0594885173533086       1.198789736760308E-13    2.0594885173533086
2.076941809873252         1.2856959227401307E-13   2.076941809873252        1.5033034033030188E-13   2.076941809873252        1.3375330056401452E-13   2.076941809873252        1.4078392418535046E-13   2.076941809873252        1.3319637355396786E-13   2.076941809873252
2.0943951023931953        1.4713016039306624E-13   2.0943951023931953       1.2504584458420337E-13   2.0943951023931953       1.5270934986732785E-13   2.0943951023931953       1.1670895989141795E-13   2.0943951023931953       1.5144878615701703E-13   2.0943951023931953
2.111848394913139         1.59281151167406E-13     2.111848394913139        1.1548810561429104E-13   2.111848394913139        1.453592480915522E-13    2.111848394913139        1.2914516816073037E-13   2.111848394913139        1.2484983112944983E-13   2.111848394913139
2.129301687433082         1.5327293367032415E-13   2.129301687433082        1.2903390402381854E-13   2.129301687433082        1.19887211194722E-13     2.129301687433082        1.465144058980544E-13    2.129301687433082        1.1389690296109112E-13   2.129301687433082
2.1467549799530254        1.308034405544011E-13    2.1467549799530254       1.4457571776845686E-13   2.1467549799530254       1.1363863035938143E-13   2.1467549799530254       1.2566579232937567E-13   2.1467549799530254       1.3860174978528108E-13   2.1467549799530254
2.1642082724729685        1.092723028945235E-13    2.1642082724729685       1.398062285380986E-13    2.1642082724729685       1.324674925651315E-13    2.1642082724729685       1.0775356447225236E-13   2.1642082724729685       1.2458327767466673E-13   2.1642082724729685
2.1816615649929116        1.0548935998380151E-13   2.1816615649929116       1.168018235079526E-13    2.1816615649929116       1.3533817134162566E-13   2.1816615649929116       1.2695497493233002E-13   2.1816615649929116       1.0443089680438566E-13   2.1816615649929116
2.199114857512855         1.1884830550445518E-13   2.199114857512855        1.0392636195778643E-13   2.199114857512855        1.1280575567516534E-13   2.199114857512855        1.2895435035661012E-13   2.199114857512855        1.269476935617886E-13    2.199114857512855
2.2165681500327987        1.3382296467580116E-13   2.2165681500327987       1.1539513934904093E-13   2.2165681500327987       1.0314984821450896E-13   2.2165681500327987       1.0265878266634357E-13   2.2165681500327987       1.1588375244769574E-13   2.2165681500327987
2.234021442552742         1.3247370912577166E-13   2.234021442552742        1.2767449808091848E-13   2.234021442552742        1.1998740227749966E-13   2.234021442552742        1.0805497415749278E-13   2.234021442552742        9.739930807117223E-14    2.234021442552742
2.251474735072685         1.1183224185154935E-13   2.251474735072685        1.1800540196766087E-13   2.251474735072685        1.1961823354542043E-13   2.251474735072685        1.2179357077699647E-13   2.251474735072685        1.1936955907326194E-13   2.251474735072685
2.2689280275926285        9.248170326961951E-14    2.2689280275926285       9.656158825448793E-14    2.2689280275926285       9.773203461197048E-14    2.2689280275926285       9.822925131322825E-14    2.2689280275926285       1.0102303305574317E-13   2.2689280275926285
2.286381320112572         9.299718920070625E-14    2.286381320112572        9.55002074386135E-14     2.286381320112572        9.680285716368389E-14    2.286381320112572        9.589697336519711E-14    2.286381320112572        9.383283990962271E-14    2.286381320112572
2.303834612632515         1.0745774398045932E-13   2.303834612632515        1.0932444945251102E-13   2.303834612632515        1.1088528996418999E-13   2.303834612632515        1.1149625922479258E-13   2.303834612632515        1.1038941162186134E-13   2.303834612632515
2.321287905152458         1.1539118685733694E-13   2.321287905152458        1.0792516187336451E-13   2.321287905152458        9.840707355199599E-14    2.321287905152458        8.975850268665597E-14    2.321287905152458        8.423278618098595E-14    2.321287905152458
2.3387411976724013        1.0170568479885558E-13   2.3387411976724013       8.809025266680266E-14    2.3387411976724013       8.335954683669324E-14    2.3387411976724013       8.817158039537544E-14    2.3387411976724013       9.647558312938801E-14    2.3387411976724013
2.356194490192345         8.068232910234662E-14    2.356194490192345        8.271867671529738E-14    2.356194490192345        9.589006912696265E-14    2.356194490192345        1.006273350356915E-13    2.356194490192345        9.094298832690038E-14    2.356194490192345
2.3736477827122884        7.753576837255079E-14    2.3736477827122884       9.470450837070601E-14    2.3736477827122884       9.376244652308084E-14    2.3736477827122884       7.828522457236179E-14    2.3736477827122884       7.748374549221111E-14    2.3736477827122884
2.3911010752322315        9.00868150492066E-14     2.3911010752322315       9.347845232385727E-14    2.3911010752322315       7.560075882288001E-14    2.3911010752322315       8.400920270356923E-14    2.3911010752322315       9.332645355680052E-14    2.3911010752322315
2.4085543677521746        9.705999570871233E-14    2.4085543677521746       7.512815436619726E-14    2.4085543677521746       8.23810835412187E-14     2.4085543677521746       8.719956332191303E-14    2.4085543677521746       6.921230199176248E-14    2.4085543677521746
2.426007660272118         8.224534059141417E-14    2.426007660272118        7.312983933435955E-14    2.426007660272118        8.514730019543206E-14    2.426007660272118        6.750357477060015E-14    2.426007660272118        8.441254995452309E-14    2.426007660272118
2.443460952792061         6.453775190954004E-14    2.443460952792061        8.307212842655162E-14    2.443460952792061        6.807165767853558E-14    2.443460952792061        8.164929338930212E-14    2.443460952792061        6.871701867669558E-14    2.443460952792061
2.4609142453120043        6.662290315515044E-14    2.4609142453120043       7.666182385426802E-14    2.4609142453120043       7.193130843615581E-14    2.4609142453120043       6.97052955751847E-14     2.4609142453120043       7.094521839669078E-14    2.4609142453120043
2.478367537831948         7.8737404381462E-14      2.478367537831948        6.120499163109111E-14    2.478367537831948        7.50616362300489E-14     2.478367537831948        6.32668814178916E-14     2.478367537831948        6.939053610638163E-14    2.478367537831948
2.4958208303518914        7.720995412811185E-14    2.4958208303518914       6.63700946314223E-14     2.4958208303518914       5.946041168602601E-14    2.4958208303518914       7.30819930940742E-14     2.4958208303518914       5.928669607050543E-14    2.4958208303518914
2.5132741228718345        5.809627497348458E-14    2.5132741228718345       7.086516679945004E-14    2.5132741228718345       6.391216782297878E-14    2.5132741228718345       5.396743528423536E-14    2.5132741228718345       6.782374632708319E-14    2.5132741228718345
2.5307274153917776        5.1216590652154324E-14   2.5307274153917776       5.743064557244414E-14    2.5307274153917776       6.431128924931292E-14    2.5307274153917776       6.522737834028671E-14    2.5307274153917776       5.085646282014194E-14    2.5307274153917776
2.548180707911721         6.06912057619631E-14     2.548180707911721        5.239259424454324E-14    2.548180707911721        5.05155644082113E-14     2.548180707911721        5.420326219793669E-14    2.548180707911721        6.381930060439212E-14    2.548180707911721
2.5656340004316647        6.60008321789448E-14     2.5656340004316647       5.969424759274507E-14    2.5656340004316647       5.736490271292868E-14    2.5656340004316647       5.101499993098801E-14    2.5656340004316647       4.4560889953197184E-14   2.5656340004316647
2.5830872929516078        5.0508021196489917E-14   2.5830872929516078       5.3882766395038614E-14   2.5830872929516078       5.292107398855935E-14    2.5830872929516078       5.542821931124883E-14    2.5830872929516078       5.843399423182474E-14    2.5830872929516078
2.600540585471551         3.993793547386985E-14    2.600540585471551        4.261666894341344E-14    2.600540585471551        4.2900450103050143E-14   2.600540585471551        4.089518936525537E-14    2.600540585471551        3.929859937198579E-14    2.600540585471551
2.6179938779914944        4.6639846788176836E-14   2.6179938779914944       4.8198558299432377E-14   2.6179938779914944       5.0512009218670415E-14   2.6179938779914944       5.2399106099871614E-14   2.6179938779914944       5.270027333470019E-14    2.6179938779914944
2.6354471705114375        5.3697244379938944E-14   2.6354471705114375       4.7778190919826485E-14   2.6354471705114375       4.135270427312755E-14    2.6354471705114375       3.645978356003873E-14    2.6354471705114375       3.4389375240436926E-14   2.6354471705114375
2.6529004630313806        4.061583434712954E-14    2.6529004630313806       3.5485105174663245E-14   2.6529004630313806       3.8389850349318296E-14   2.6529004630313806       4.454138661533595E-14    2.6529004630313806       4.710111474529356E-14    2.6529004630313806
2.670353755551324         3.0282130974568304E-14   2.670353755551324        3.827111860462131E-14    2.670353755551324        4.1379812075334177E-14   2.670353755551324        3.466291563622675E-14    2.670353755551324        2.968114739528871E-14    2.670353755551324
2.6878070480712677        3.599025158511629E-14    2.6878070480712677       4.018746023373717E-14    2.6878070480712677       3.107972212614058E-14    2.6878070480712677       3.503796935318013E-14    2.6878070480712677       4.1689933467924417E-14   2.6878070480712677
2.705260340591211         4.244656500643777E-14    2.705260340591211        2.93017566517512E-14     2.705260340591211        3.556302175133639E-14    2.705260340591211        3.3261544721495587E-14   2.705260340591211        2.5361793139463585E-14   2.705260340591211
2.722713633111154         2.948493929231257E-14    2.722713633111154        3.0030957354430627E-14   2.722713633111154        3.070041999637558E-14    2.722713633111154        2.6853401603046758E-14   2.722713633111154        3.624092468341102E-14    2.722713633111154
2.740166925631097         2.198146778347053E-14    2.740166925631097        3.2500660318171346E-14   2.740166925631097        2.5260038355265787E-14   2.740166925631097        3.1318914513459137E-14   2.740166925631097        2.1685758316194005E-14   2.740166925631097
2.7576202181510405        2.7941547760689904E-14   2.7576202181510405       2.3348858193510903E-14   2.7576202181510405       2.898855571256766E-14    2.7576202181510405       2.0870866624146403E-14   2.7576202181510405       3.0275403091010926E-14   2.7576202181510405
2.775073510670984         3.210950862139622E-14    2.775073510670984        2.3204473835042067E-14   2.775073510670984        2.0999990559046246E-14   2.775073510670984        2.847041121909157E-14    2.775073510670984        1.896181600563323E-14    2.775073510670984
2.792526803190927         1.8559733668334996E-14   2.792526803190927        2.5470363590291248E-14   2.792526803190927        2.396851533512975E-14    2.792526803190927        1.6573126366785082E-14   2.792526803190927        2.3670084477502308E-14   2.792526803190927
2.8099800957108703        1.5442376715387113E-14   2.8099800957108703       1.7582862277143886E-14   2.8099800957108703       1.9819440957372715E-14   2.8099800957108703       2.4886742490937413E-14   2.8099800957108703       1.7401051891722117E-14   2.8099800957108703
2.827433388230814         2.207827975190163E-14    2.827433388230814        1.7517110781650802E-14   2.827433388230814        1.5897936652014465E-14   2.827433388230814        1.3274733321551192E-14   2.827433388230814        1.6766042216826028E-14   2.827433388230814
2.844886680750757         2.1584278195474205E-14   2.844886680750757        1.9409002838781203E-14   2.844886680750757        1.796383270366213E-14    2.844886680750757        2.0947955034530358E-14   2.844886680750757        1.6902712533298658E-14   2.844886680750757
2.8623399732707           1.0000096257904244E-14   2.8623399732707          1.2264001649114253E-14   2.8623399732707          1.213576475993278E-14    2.8623399732707          1.052998594737459E-14    2.8623399732707          1.0784588944312308E-14   2.8623399732707
2.8797932657906435        1.0593319601475145E-14   2.8797932657906435       1.2765696049459609E-14   2.8797932657906435       1.547100439215279E-14    2.8797932657906435       1.705987424473392E-14    2.8797932657906435       1.666964821985371E-14    2.8797932657906435
2.897246558310587         1.7855002051285523E-14   2.897246558310587        1.4490541095701646E-14   2.897246558310587        1.0921493618099792E-14   2.897246558310587        8.111653742936584E-15    2.897246558310587        6.733932090755439E-15    2.897246558310587
2.9146998508305306        1.0639652343715979E-14   2.9146998508305306       7.761576790491516E-15    2.9146998508305306       9.758925749863642E-15    2.9146998508305306       1.3480352509051727E-14   2.9146998508305306       1.4902848431656256E-14   2.9146998508305306
2.9321531433504737        5.519125850732264E-15    2.9321531433504737       8.692698130171538E-15    2.9321531433504737       8.758115438875519E-15    2.9321531433504737       5.973905044971813E-15    2.9321531433504737       4.594256836719679E-15    2.9321531433504737
2.949606435870417         7.552639708278901E-15    2.949606435870417        1.0711684609898346E-14   2.949606435870417        5.471695600751995E-15    2.949606435870417        1.0399894432439543E-14   2.949606435870417        1.021802169564125E-14    2.949606435870417
2.9670597283903604        1.3132988951875873E-14   2.9670597283903604       4.56559589575319E-15     2.9670597283903604       8.34217510740716E-15     2.9670597283903604       4.162725663662051E-15    2.9670597283903604       3.964220542393363E-15    2.9670597283903604
2.9845130209103035        2.8923536409467687E-15   2.9845130209103035       5.1561775755580226E-15   2.9845130209103035       5.305446330842758E-15    2.9845130209103035       7.882550069258578E-15    2.9845130209103035       4.351552199959482E-15    2.9845130209103035
3.0019663134302466        3.3175321466366968E-15   3.0019663134302466       7.952464675330644E-15    3.0019663134302466       7.046073067123608E-15    3.0019663134302466       2.7360340837324698E-15   3.0019663134302466       5.232352969759754E-15    3.0019663134302466
3.01941960595019          8.129404699825402E-15    3.01941960595019         3.4099580736465263E-15   3.01941960595019         3.822047313492937E-15    3.01941960595019         5.985171123736664E-15    3.01941960595019         1.3878914724839292E-15   3.01941960595019
3.036872898470133         5.285346343563781E-15    3.036872898470133        2.367804016460255E-15    3.036872898470133        2.4293150626923396E-15   3.036872898470133        1.8299424400074447E-15   3.036872898470133        7.32371893620912E-15     3.036872898470133
3.0543261909900763        4.050247272116961E-15    3.0543261909900763       5.930210434227815E-15    3.0543261909900763       1.8568722401348997E-15   3.0543261909900763       4.7613883732538526E-15   3.0543261909900763       1.5875522402725938E-15   3.0543261909900763
3.07177948351002          8.526212064085189E-16    3.07177948351002         5.5917986486804E-15      3.07177948351002         1.8672338200632306E-15   3.07177948351002         1.696216867210451E-15    3.07177948351002         5.920787137429309E-15    3.07177948351002
3.0892327760299634        1.3945579180635703E-14   3.0892327760299634       1.5852306453101762E-15   3.0892327760299634       6.59323268829906E-15     3.0892327760299634       4.5322481696611335E-15   3.0892327760299634       8.517763187061026E-16    3.0892327760299634
3.106686068549907         6.203812371363936E-16    3.106686068549907        5.2532512618332036E-15   3.106686068549907        1.036590775056629E-14    3.106686068549907        3.3144646976841085E-15   3.106686068549907        7.193844095318143E-16    3.106686068549907
3.12413936106985          2.958941755003501E-14    3.12413936106985         2.6969485359059992E-14   3.12413936106985         1.8176480932134685E-14   3.12413936106985         7.969962158015703E-15    3.12413936106985         1.2381386349125765E-15   3.12413936106985
3.141592653589793         3.5236541249494996E-42   3.141592653589793        5.5758549253497756E-42   3.141592653589793        8.082460787687257E-42    3.141592653589793        1.1005789128104067E-41   3.141592653589793        1.4227731637983357E-41   3.141592653589793
3.159045946109736         2.9589417550034965E-14   3.1241393610698505       2.6969485359060437E-14   3.1241393610698505       1.817648093213565E-14    3.1241393610698505       7.969962158016615E-15    3.1241393610698505       1.2381386349130148E-15   3.1241393610698505
3.1764992386296798        6.203812371362726E-16    3.106686068549907        5.253251261833523E-15    3.106686068549907        1.0365907750566203E-14   3.106686068549907        3.3144646976837842E-15   3.106686068549907        7.193844095319728E-16    3.106686068549907
3.193952531149623         1.3945579180635725E-14   3.089232776029964        1.585230645310335E-15    3.089232776029964        6.593232688298814E-15    3.089232776029964        4.532248169661449E-15    3.089232776029964        8.517763187059667E-16    3.089232776029964
3.211405823669566         8.526212064085167E-16    3.0717794835100207       5.591798648680778E-15    3.0717794835100207       1.867233820062791E-15    3.0717794835100207       1.6962168672108233E-15   3.0717794835100207       5.920787137428595E-15    3.0717794835100207
3.2288591161895095        4.0502472721172155E-15   3.054326190990077        5.930210434227367E-15    3.054326190990077        1.856872240134697E-15    3.054326190990077        4.761388373254547E-15    3.054326190990077        1.5875522402725366E-15   3.054326190990077
3.2463124087094526        5.2853463435633214E-15   3.036872898470134        2.3678040164602174E-15   3.036872898470134        2.4293150626925135E-15   3.036872898470134        1.8299424400076147E-15   3.036872898470134        7.32371893620941E-15     3.036872898470134
3.2637657012293966        8.129404699825318E-15    3.01941960595019         3.40995807364645E-15     3.01941960595019         3.822047313492891E-15    3.01941960595019         5.98517112373648E-15     3.01941960595019         1.387891472483931E-15    3.01941960595019
3.2812189937493397        3.31753214663674E-15     3.001966313430247        7.952464675330554E-15    3.001966313430247        7.046073067124001E-15    3.001966313430247        2.7360340837324588E-15   3.001966313430247        5.232352969759902E-15    3.001966313430247
3.2986722862692828        2.892353640946736E-15    2.984513020910304        5.156177575557921E-15    2.984513020910304        5.3054463308427095E-15   2.984513020910304        7.882550069258746E-15    2.984513020910304        4.3515521999592426E-15   2.984513020910304
3.3161255787892263        1.3132988951876004E-14   2.9670597283903604       4.565595895753089E-15    2.9670597283903604       8.342175107407265E-15    2.9670597283903604       4.1627256636620356E-15   2.9670597283903604       3.964220542393144E-15    2.9670597283903604
3.3335788713091694        7.552639708278962E-15    2.9496064358704173       1.0711684609898392E-14   2.9496064358704173       5.47169560075204E-15     2.9496064358704173       1.0399894432439728E-14   2.9496064358704173       1.0218021695640945E-14   2.9496064358704173
3.3510321638291125        5.5191258507322784E-15   2.932153143350474        8.692698130171535E-15    2.932153143350474        8.758115438875452E-15    2.932153143350474        5.973905044971765E-15    2.932153143350474        4.594256836719654E-15    2.932153143350474
3.368485456349056         1.0639652343716209E-14   2.9146998508305306       7.761576790491356E-15    2.9146998508305306       9.758925749863516E-15    2.9146998508305306       1.3480352509052052E-14   2.9146998508305306       1.4902848431656433E-14   2.9146998508305306
3.385938748868999         1.785500205128571E-14    2.8972465583105875       1.4490541095701488E-14   2.8972465583105875       1.0921493618099827E-14   2.8972465583105875       8.111653742936514E-15    2.8972465583105875       6.733932090755394E-15    2.8972465583105875
3.4033920413889422        1.0593319601475284E-14   2.8797932657906444       1.2765696049459721E-14   2.8797932657906444       1.5471004392152928E-14   2.8797932657906444       1.7059874244734335E-14   2.8797932657906444       1.666964821985422E-14    2.8797932657906444
3.420845333908886         1.0000096257903965E-14   2.862339973270701        1.2264001649114018E-14   2.862339973270701        1.2135764759932767E-14   2.862339973270701        1.052998594737431E-14    2.862339973270701        1.0784588944311816E-14   2.862339973270701
3.438298626428829         2.158427819547357E-14    2.8448866807507573       1.940900283878135E-14    2.8448866807507573       1.796383270366201E-14    2.8448866807507573       2.0947955034530544E-14   2.8448866807507573       1.6902712533299274E-14   2.8448866807507573
3.455751918948773         2.2078279751901512E-14   2.827433388230814        1.7517110781650922E-14   2.827433388230814        1.5897936652014468E-14   2.827433388230814        1.3274733321551135E-14   2.827433388230814        1.6766042216826154E-14   2.827433388230814
3.473205211468716         1.5442376715387287E-14   2.8099800957108707       1.7582862277143785E-14   2.8099800957108707       1.9819440957372554E-14   2.8099800957108707       2.4886742490937283E-14   2.8099800957108707       1.740105189172247E-14    2.8099800957108707
3.490658503988659         1.8559733668334816E-14   2.7925268031909276       2.5470363590291298E-14   2.7925268031909276       2.3968515335129645E-14   2.7925268031909276       1.6573126366785126E-14   2.7925268031909276       2.3670084477501875E-14   2.7925268031909276
3.5081117965086026        3.2109508621396225E-14   2.775073510670984        2.3204473835041865E-14   2.775073510670984        2.0999990559046536E-14   2.775073510670984        2.8470411219091676E-14   2.775073510670984        1.896181600563287E-14    2.775073510670984
3.5255650890285457        2.794154776069009E-14    2.757620218151041        2.3348858193510837E-14   2.757620218151041        2.898855571256797E-14    2.757620218151041        2.087086662414663E-14    2.757620218151041        3.027540309101085E-14    2.757620218151041
3.543018381548489         2.1981467783470378E-14   2.7401669256310974       3.250066031817134E-14    2.7401669256310974       2.5260038355265907E-14   2.7401669256310974       3.1318914513458424E-14   2.7401669256310974       2.1685758316194027E-14   2.7401669256310974
3.560471674068432         2.948493929231208E-14    2.7227136331111548       3.003095735443083E-14    2.7227136331111548       3.070041999637515E-14    2.7227136331111548       2.6853401603047228E-14   2.7227136331111548       3.624092468341004E-14    2.7227136331111548
3.5779249665883754        4.24465650064375E-14     2.7052603405912112       2.930175665175118E-14    2.7052603405912112       3.556302175133656E-14    2.7052603405912112       3.3261544721495524E-14   2.7052603405912112       2.5361793139464046E-14   2.7052603405912112
3.5953782591083185        3.599025158511638E-14    2.687807048071268        4.018746023373716E-14    2.687807048071268        3.107972212614041E-14    2.687807048071268        3.50379693531799E-14     2.687807048071268        4.168993346792414E-14    2.687807048071268
3.6128315516282616        3.0282130974568146E-14   2.670353755551325        3.8271118604621436E-14   2.670353755551325        4.1379812075333994E-14   2.670353755551325        3.466291563622577E-14    2.670353755551325        2.968114739528902E-14    2.670353755551325
3.6302848441482056        4.061583434712924E-14    2.652900463031381        3.5485105174663144E-14   2.652900463031381        3.8389850349318813E-14   2.652900463031381        4.454138661533638E-14    2.652900463031381        4.710111474529398E-14    2.652900463031381
3.6477381366681487        5.3697244379939045E-14   2.635447170511438        4.7778190919826384E-14   2.635447170511438        4.1352704273127615E-14   2.635447170511438        3.6459783560038457E-14   2.635447170511438        3.438937524043649E-14    2.635447170511438
3.6651914291880923        4.6639846788176515E-14   2.6179938779914944       4.8198558299432377E-14   2.6179938779914944       5.0512009218670345E-14   2.6179938779914944       5.2399106099871627E-14   2.6179938779914944       5.2700273334700316E-14   2.6179938779914944
3.6826447217080354        3.993793547386966E-14    2.6005405854715513       4.261666894341346E-14    2.6005405854715513       4.290045010304998E-14    2.6005405854715513       4.0895189365255546E-14   2.6005405854715513       3.9298599371985883E-14   2.6005405854715513
3.7000980142279785        5.05080211964897E-14     2.5830872929516078       5.3882766395038734E-14   2.5830872929516078       5.292107398855954E-14    2.5830872929516078       5.5428219311248745E-14   2.5830872929516078       5.843399423182398E-14    2.5830872929516078
3.717551306747922         6.600083217894478E-14    2.5656340004316647       5.969424759274508E-14    2.5656340004316647       5.73649027129286E-14     2.5656340004316647       5.101499993098754E-14    2.5656340004316647       4.4560889953197046E-14   2.5656340004316647
3.735004599267865         6.069120576196341E-14    2.548180707911721        5.239259424454333E-14    2.548180707911721        5.0515564408210994E-14   2.548180707911721        5.4203262197935713E-14   2.548180707911721        6.381930060439193E-14    2.548180707911721
3.752457891787808         5.121659065215445E-14    2.530727415391778        5.743064557244328E-14    2.530727415391778        6.431128924931233E-14    2.530727415391778        6.522737834028728E-14    2.530727415391778        5.085646282014225E-14    2.530727415391778
3.7699111843077517        5.809627497348412E-14    2.5132741228718345       7.086516679945005E-14    2.5132741228718345       6.391216782297873E-14    2.5132741228718345       5.3967435284235524E-14   2.5132741228718345       6.782374632708245E-14    2.5132741228718345
3.787364476827695         7.720995412811152E-14    2.4958208303518914       6.637009463142249E-14    2.4958208303518914       5.946041168602603E-14    2.4958208303518914       7.308199309407366E-14    2.4958208303518914       5.928669607050588E-14    2.4958208303518914
3.804817769347638         7.873740438146219E-14    2.4783675378319483       6.120499163109083E-14    2.4783675378319483       7.506163623004848E-14    2.4783675378319483       6.326688141789235E-14    2.4783675378319483       6.939053610638085E-14    2.4783675378319483
3.822271061867582         6.662290315515045E-14    2.4609142453120043       7.666182385426802E-14    2.4609142453120043       7.193130843615582E-14    2.4609142453120043       6.97052955751847E-14     2.4609142453120043       7.094521839669072E-14    2.4609142453120043
3.839724354387525         6.453775190954019E-14    2.4434609527920617       8.307212842655151E-14    2.4434609527920617       6.807165767853498E-14    2.4434609527920617       8.164929338930223E-14    2.4434609527920617       6.871701867669569E-14    2.4434609527920617
3.8571776469074686        8.224534059141434E-14    2.426007660272118        7.312983933435965E-14    2.426007660272118        8.514730019543183E-14    2.426007660272118        6.750357477059986E-14    2.426007660272118        8.441254995452275E-14    2.426007660272118
3.8746309394274117        9.705999570871206E-14    2.408554367752175        7.512815436619738E-14    2.408554367752175        8.238108354121837E-14    2.408554367752175        8.719956332191277E-14    2.408554367752175        6.921230199176224E-14    2.408554367752175
3.8920842319473548        9.008681504920708E-14    2.3911010752322315       9.347845232385736E-14    2.3911010752322315       7.560075882288043E-14    2.3911010752322315       8.400920270356934E-14    2.3911010752322315       9.332645355680054E-14    2.3911010752322315
3.9095375244672983        7.753576837255092E-14    2.3736477827122884       9.470450837070616E-14    2.3736477827122884       9.376244652308102E-14    2.3736477827122884       7.828522457236168E-14    2.3736477827122884       7.748374549221066E-14    2.3736477827122884
3.9269908169872414        8.068232910234634E-14    2.3561944901923453       8.271867671529754E-14    2.3561944901923453       9.58900691269629E-14     2.3561944901923453       1.0062733503569174E-13   2.3561944901923453       9.094298832689972E-14    2.3561944901923453
3.9444441095071845        1.0170568479885465E-13   2.338741197672402        8.809025266680202E-14    2.338741197672402        8.335954683669341E-14    2.338741197672402        8.817158039537583E-14    2.338741197672402        9.647558312938896E-14    2.338741197672402
3.9618974020271276        1.1539118685733663E-13   2.321287905152459        1.0792516187336382E-13   2.321287905152459        9.840707355199479E-14    2.321287905152459        8.97585026866552E-14     2.321287905152459        8.423278618098504E-14    2.321287905152459
3.979350694547071         1.0745774398045949E-13   2.3038346126325155       1.0932444945251163E-13   2.3038346126325155       1.108852899641905E-13    2.3038346126325155       1.1149625922479215E-13   2.3038346126325155       1.1038941162186025E-13   2.3038346126325155
3.9968039870670142        9.299718920070675E-14    2.2863813201125724       9.55002074386137E-14     2.2863813201125724       9.680285716368437E-14    2.2863813201125724       9.589697336519694E-14    2.2863813201125724       9.383283990962319E-14    2.2863813201125724
4.014257279586958         9.248170326961942E-14    2.2689280275926285       9.656158825448768E-14    2.2689280275926285       9.773203461197035E-14    2.2689280275926285       9.822925131322707E-14    2.2689280275926285       1.0102303305574235E-13   2.2689280275926285
4.031710572106902         1.1183224185155015E-13   2.2514747350726845       1.180054019676609E-13    2.2514747350726845       1.196182335454207E-13    2.2514747350726845       1.2179357077699622E-13   2.2514747350726845       1.193695590732622E-13    2.2514747350726845
4.049163864626845         1.3247370912577144E-13   2.2340214425527414       1.2767449808091881E-13   2.2340214425527414       1.199874022774992E-13    2.2340214425527414       1.0805497415749254E-13   2.2340214425527414       9.739930807117198E-14    2.2340214425527414
4.066617157146788         1.3382296467580129E-13   2.2165681500327987       1.1539513934904075E-13   2.2165681500327987       1.0314984821450881E-13   2.2165681500327987       1.0265878266634374E-13   2.2165681500327987       1.1588375244769627E-13   2.2165681500327987
4.084070449666731         1.1884830550445503E-13   2.1991148575128556       1.0392636195778639E-13   2.1991148575128556       1.1280575567516548E-13   2.1991148575128556       1.2895435035660982E-13   2.1991148575128556       1.2694769356179017E-13   2.1991148575128556
4.101523742186674         1.0548935998380172E-13   2.1816615649929125       1.168018235079511E-13    2.1816615649929125       1.3533817134162508E-13   2.1816615649929125       1.2695497493233159E-13   2.1816615649929125       1.0443089680438667E-13   2.1816615649929125
4.118977034706617         1.0927230289452328E-13   2.164208272472969        1.3980622853809748E-13   2.164208272472969        1.3246749256513146E-13   2.164208272472969        1.0775356447225172E-13   2.164208272472969        1.2458327767466593E-13   2.164208272472969
4.136430327226561         1.3080344055440122E-13   2.146754979953025        1.4457571776845686E-13   2.146754979953025        1.1363863035938131E-13   2.146754979953025        1.2566579232937587E-13   2.146754979953025        1.386017497852809E-13    2.146754979953025
4.153883619746504         1.532729336703237E-13    2.1293016874330823       1.2903390402381907E-13   2.1293016874330823       1.1988721119472145E-13   2.1293016874330823       1.465144058980546E-13    2.1293016874330823       1.1389690296109132E-13   2.1293016874330823
4.171336912266447         1.592811511674058E-13    2.111848394913139        1.1548810561429116E-13   2.111848394913139        1.4535924809155137E-13   2.111848394913139        1.2914516816073115E-13   2.111848394913139        1.2484983112944953E-13   2.111848394913139
4.1887902047863905        1.471301603930673E-13    2.094395102393196        1.250458445842024E-13    2.094395102393196        1.52709349867327E-13     2.094395102393196        1.167089598914186E-13    2.094395102393196        1.5144878615701773E-13   2.094395102393196
4.2062434973063345        1.2856959227401284E-13   2.076941809873252        1.5033034033030193E-13   2.076941809873252        1.337533005640144E-13    2.076941809873252        1.407839241853505E-13    2.076941809873252        1.33196373553968E-13     2.076941809873252
4.223696789826278         1.1826801366606183E-13   2.059488517353309        1.660439447952851E-13    2.059488517353309        1.211254850861012E-13    2.059488517353309        1.6043443837833196E-13   2.059488517353309        1.1987897367603029E-13   2.059488517353309
4.241150082346221         1.252572611778526E-13    2.042035224833366        1.5945770510391549E-13   2.042035224833366        1.379428050655896E-13    2.042035224833366        1.4317222164916417E-13   2.042035224833366        1.4828782205093213E-13   2.042035224833366
4.258603374866164         1.4744756051618666E-13   2.024581932313423        1.3921669725246154E-13   2.024581932313423        1.6452784776216163E-13   2.024581932313423        1.2397219869596653E-13   2.024581932313423        1.632921138906671E-13    2.024581932313423
4.276056667386107         1.728494080942878E-13    2.0071286397934798       1.2570298233008138E-13   2.0071286397934798       1.708808042437279E-13    2.0071286397934798       1.3951844030624683E-13   2.0071286397934798       1.379609879365608E-13    2.0071286397934798
4.293509959906051         1.8816374346144396E-13   1.9896753472735356       1.3353532852679032E-13   1.9896753472735356       1.5185780390431414E-13   1.9896753472735356       1.6943208883804793E-13   1.9896753472735356       1.268380463133532E-13    1.9896753472735356
4.310963252425994         1.8710383508714444E-13   1.9722220547535925       1.5859686139224202E-13   1.9722220547535925       1.3125178497643461E-13   1.9722220547535925       1.736916667839578E-13    1.9722220547535925       1.547268846482086E-13    1.9722220547535925
4.328416544945937         1.7218758507055334E-13   1.9547687622336494       1.834554856907033E-13    1.9547687622336494       1.3407667320700143E-13   1.9547687622336494       1.4882295275122923E-13   1.9547687622336494       1.7857371366766594E-13   1.9547687622336494
4.34586983746588          1.514274911832123E-13    1.9373154697137063       1.9293746685716641E-13   1.9373154697137063       1.5955801242786552E-13   1.9373154697137063       1.3037557853066635E-13   1.9373154697137063       1.6289796253748877E-13   1.9373154697137063
4.363323129985823         1.340695674100301E-13    1.9198621771937632       1.8320335281880086E-13   1.9198621771937632       1.866241128524012E-13    1.9198621771937632       1.4289870423448564E-13   1.9198621771937632       1.3491415575609568E-13   1.9198621771937632
4.380776422505767         1.2729955947459872E-13   1.9024088846738192       1.6129846878961279E-13   1.9024088846738192       1.9543285245448102E-13   1.9024088846738192       1.7467163669010616E-13   1.9024088846738192       1.3617861240373727E-13   1.9024088846738192
4.39822971502571          1.3419267953652254E-13   1.884955592153876        1.3987902015328451E-13   1.884955592153876        1.8115598398503807E-13   1.884955592153876        1.9649423387890628E-13   1.884955592153876        1.6753367039289396E-13   1.884955592153876
4.4156830075456535        1.53207095980112E-13     1.867502299633933        1.3045677821117604E-13   1.867502299633933        1.5502927176014946E-13   1.867502299633933        1.9037310021950187E-13   1.867502299633933        1.953244107187516E-13    1.867502299633933
4.4331363000655974        1.7934546988014785E-13   1.850049007113989        1.381033942270762E-13    1.850049007113989        1.3498057003126914E-13   1.850049007113989        1.633501409657429E-13    1.850049007113989        1.9218679265796307E-13   1.850049007113989
4.4505895925855405        2.0632173290180523E-13   1.832595714594046        1.602495379129296E-13    1.832595714594046        1.3344020091530402E-13   1.832595714594046        1.3787579624302983E-13   1.832595714594046        1.6374260791122235E-13   1.832595714594046
4.468042885105484         2.2862839223826214E-13   1.8151424220741028       1.8940139160996203E-13   1.8151424220741028       1.5152376135496953E-13   1.8151424220741028       1.321457715329941E-13    1.8151424220741028       1.3667691159583574E-13   1.8151424220741028
4.485496177625427         2.4273834248769587E-13   1.7976891295541597       2.1714991631842418E-13   1.7976891295541597       1.814408568842591E-13    1.7976891295541597       1.4968339238001658E-13   1.7976891295541597       1.3229768656357377E-13   1.7976891295541597
4.50294947014537          2.473384453575413E-13    1.7802358370342166       2.370993845742685E-13    1.7802358370342166       2.1237984070888904E-13   1.7802358370342166       1.8169166102723E-13      1.7802358370342166       1.5372710939539945E-13   1.7802358370342166
4.520402762665313         2.4292393165351226E-13   1.7627825445142735       2.4599994239294733E-13   1.7627825445142735       2.3532150201871077E-13   1.7627825445142735       2.1475619323539522E-13   1.7627825445142735       1.8919214064492655E-13   1.7627825445142735
4.537856055185257         2.3114932529614363E-13   1.7453292519943295       2.4353739460242563E-13   1.7453292519943295       2.4532371009157846E-13   1.7453292519943295       2.376415439016902E-13    1.7453292519943295       2.2220949282807674E-13   1.7453292519943295
4.5553093477052           2.142043821953498E-13    1.7278759594743864       2.3148087023144406E-13   1.7278759594743864       2.416895344479714E-13    1.7278759594743864       2.447626794194744E-13    1.7278759594743864       2.406875780498634E-13    1.7278759594743864
4.572762640225144         1.9433833282314705E-13   1.7104226669544424       2.1269361798321556E-13   1.7104226669544424       2.2684002068016637E-13   1.7104226669544424       2.3631920589293686E-13   1.7104226669544424       2.4065066288281617E-13   1.7104226669544424
4.590215932745087         1.7355870400026746E-13   1.6929693744344994       1.9028895923203545E-13   1.6929693744344994       2.0471757619808557E-13   1.6929693744344994       2.1633947359428043E-13   1.6929693744344994       2.247990772328318E-13    1.6929693744344994
4.60766922526503          1.534820247570854E-13    1.6755160819145563       1.6705539239036318E-13   1.6755160819145563       1.794125458696019E-13    1.6755160819145563       1.9016912083562276E-13   1.6755160819145563       1.9914628333081417E-13   1.6755160819145563
4.625122517784973         1.3529698035146235E-13   1.6580627893946132       1.451650238212025E-13    1.6580627893946132       1.5435000908425985E-13   1.6580627893946132       1.6266019933309323E-13   1.6580627893946132       1.7001759673175383E-13   1.6580627893946132
4.642575810304916         1.1980052465493508E-13   1.64060949687467         1.26112041929416E-13     1.64060949687467         1.3198555187011148E-13   1.64060949687467         1.3739011811160895E-13   1.64060949687467         1.4229407204711975E-13   1.64060949687467
4.6600291028248595        1.0747353371277247E-13   1.623156204354727        1.1079897612743129E-13   1.623156204354727        1.1381923031741596E-13   1.623156204354727        1.1657219761862192E-13   1.623156204354727        1.190554468639515E-13    1.623156204354727
4.677482395344803         9.857030774215088E-14    1.6057029118347839       9.969234716826591E-14    1.6057029118347839       1.0059902868633864E-13   1.6057029118347839       1.0133383005912977E-13   1.6057029118347839       1.0190996907158263E-13   1.6057029118347839
4.694935687864747         9.320363952676873E-14    1.5882496193148399       9.298858641558412E-14    1.5882496193148399       9.261225382624704E-14    1.5882496193148399       9.21205919107501E-14     1.5882496193148399       9.150516581436071E-14    1.5882496193148399
4.71238898038469          9.141289967711037E-14    1.5707963267948968       9.074978155546094E-14    1.5707963267948968       8.994182385727312E-14    1.5707963267948968       8.904900631538409E-14    1.5707963267948968       8.802912933607131E-14    1.5707963267948968
4.729842272904633         9.320693750529353E-14    1.5533430342749537       9.298802497617857E-14    1.5533430342749537       9.260763470861586E-14    1.5533430342749537       9.212606121604645E-14    1.5533430342749537       9.150670907535006E-14    1.5533430342749537
4.747295565424577         9.857772724363774E-14    1.5358897417550097       9.969345782585449E-14    1.5358897417550097       1.0060126223457614E-13   1.5358897417550097       1.0133663467495093E-13   1.5358897417550097       1.0190952333938519E-13   1.5358897417550097
4.76474885794452          1.074846182940467E-13    1.5184364492350666       1.1080491860138772E-13   1.5184364492350666       1.1383607391357693E-13   1.5184364492350666       1.1658104958869827E-13   1.5184364492350666       1.1906052265334767E-13   1.5184364492350666
4.782202150464463         1.1981185580077235E-13   1.5009831567151235       1.2612278138532694E-13   1.5009831567151235       1.3200315317868967E-13   1.5009831567151235       1.3741138153439085E-13   1.5009831567151235       1.4231445902672725E-13   1.5009831567151235
4.799655442984406         1.3530344460474683E-13   1.4835298641951804       1.4517477527420475E-13   1.4835298641951804       1.5434553849700327E-13   1.4835298641951804       1.626794146489048E-13    1.4835298641951804       1.7005102740937E-13      1.4835298641951804
4.817108735504349         1.53480772641811E-13     1.4660765716752373       1.670575959062054E-13    1.4660765716752373       1.7939250310200014E-13   1.4660765716752373       1.901808254732003E-13    1.4660765716752373       1.991692636472588E-13    1.4660765716752373
4.834562028024293         1.7355248559396014E-13   1.4486232791552933       1.9028394381675705E-13   1.4486232791552933       2.0471604100667685E-13   1.4486232791552933       2.1634688492096813E-13   1.4486232791552933       2.247834646433515E-13    1.4486232791552933
4.852015320544236         1.9433472969444543E-13   1.4311699866353502       2.12688072091941E-13     1.4311699866353502       2.268671920321867E-13    1.4311699866353502       2.363100174016429E-13    1.4311699866353502       2.406397005264461E-13    1.4311699866353502
4.869468613064179         2.1421082873818883E-13   1.4137166941154071       2.3148088970200315E-13   1.4137166941154071       2.417191728040149E-13    1.4137166941154071       2.447353569018371E-13    1.4137166941154071       2.4073178878196763E-13   1.4137166941154071
4.886921905584122         2.3116781786035237E-13   1.396263401595464        2.435466697547815E-13    1.396263401595464        2.4533852814367604E-13   1.396263401595464        2.376228055371322E-13    1.396263401595464        2.222770594753067E-13    1.396263401595464
4.9043751981040655        2.4294990989830855E-13   1.378810109075521        2.4602125868609973E-13   1.378810109075521        2.353335217992483E-13    1.378810109075521        2.1475731756375477E-13   1.378810109075521        1.8924017543273045E-13   1.378810109075521
4.921828490624009         2.4736446833063813E-13   1.3613568165555778       2.3712988020760915E-13   1.3613568165555778       2.124028818568343E-13    1.3613568165555778       1.8170123547505651E-13   1.3613568165555778       1.5374300126229455E-13   1.3613568165555778
4.939281783143953         2.4275880856137773E-13   1.3439035240356338       2.17179129539995E-13     1.3439035240356338       1.8146923461367313E-13   1.3439035240356338       1.4969354822420208E-13   1.3439035240356338       1.3230049413532832E-13   1.3439035240356338
4.956735075663896         2.286415226967337E-13    1.3264502315156907       1.8942175843069593E-13   1.3264502315156907       1.5154691288685573E-13   1.3264502315156907       1.321626330870883E-13    1.3264502315156907       1.3668504896512094E-13   1.3264502315156907
4.97418836818384          2.06328684731333E-13     1.3089969389957468       1.6026304736995386E-13   1.3089969389957468       1.3345924261171444E-13   1.3089969389957468       1.3790807435410676E-13   1.3089969389957468       1.6375088852426928E-13   1.3089969389957468
4.991641660703783         1.7934869015423464E-13   1.2915436464758037       1.3811467663327034E-13   1.2915436464758037       1.3500218941909596E-13   1.2915436464758037       1.633862244240766E-13    1.2915436464758037       1.921965624130935E-13    1.2915436464758037
5.009094953223726         1.5320920240528065E-13   1.2740903539558606       1.3046726960785275E-13   1.2740903539558606       1.5505630413436687E-13   1.2740903539558606       1.903916180023484E-13    1.2740903539558606       1.9533602661660978E-13   1.2740903539558606
5.026548245743669         1.3419600827338134E-13   1.2566370614359175       1.3988825572413916E-13   1.2566370614359175       1.8118259644704707E-13   1.2566370614359175       1.9650532847590802E-13   1.2566370614359175       1.675507148551849E-13    1.2566370614359175
5.044001538263612         1.273061689386864E-13    1.2391837689159744       1.6130606447372523E-13   1.2391837689159744       1.954484581767377E-13    1.2391837689159744       1.747022130112767E-13    1.2391837689159744       1.3620323936627697E-13   1.2391837689159744
5.061454830783555         1.3408117109685795E-13   1.2217304763960313       1.8321035276214603E-13   1.2217304763960313       1.8662625954002432E-13   1.2217304763960313       1.429432560460852E-13    1.2217304763960313       1.3492996197076023E-13   1.2217304763960313
5.078908123303498         1.5144493370088196E-13   1.2042771838760882       1.929482361560807E-13    1.2042771838760882       1.5955260567367635E-13   1.2042771838760882       1.304158926536067E-13    1.2042771838760882       1.629041029617517E-13    1.2042771838760882
5.096361415823442         1.7220986847343875E-13   1.1868238913561442       1.8347431683482636E-13   1.1868238913561442       1.3406695292219518E-13   1.1868238913561442       1.4885601329678804E-13   1.1868238913561442       1.7857242185806443E-13   1.1868238913561442
5.113814708343385         1.8712741865883151E-13   1.169370598836201        1.5861859551376773E-13   1.169370598836201        1.3123965798117066E-13   1.169370598836201        1.737198456418981E-13    1.169370598836201        1.5472332787915262E-13   1.169370598836201
5.131268000863329         1.881842049792877E-13    1.151917306316257        1.335472112482344E-13    1.151917306316257        1.5184913164669223E-13   1.151917306316257        1.6944976983320378E-13   1.151917306316257        1.268263465061097E-13    1.151917306316257
5.1487212933832724        1.7286498250249622E-13   1.134464013796314        1.2569684157127743E-13   1.134464013796314        1.7088343336295244E-13   1.134464013796314        1.3950898278047368E-13   1.134464013796314        1.379460212426288E-13    1.134464013796314
5.1661745859032155        1.4745928027845466E-13   1.117010721276371        1.3919421771242667E-13   1.117010721276371        1.6454126288436526E-13   1.117010721276371        1.2394034165686123E-13   1.117010721276371        1.6327330597995876E-13   1.117010721276371
5.183627878423159         1.2526553796111329E-13   1.0995574287564278       1.5943063826866114E-13   1.0995574287564278       1.3796048843372664E-13   1.0995574287564278       1.4314069377177004E-13   1.0995574287564278       1.48292528718186E-13     1.0995574287564278
5.201081170943102         1.1827233417328564E-13   1.0821041362364847       1.660235695922303E-13    1.0821041362364847       1.2113805653716687E-13   1.0821041362364847       1.6041222178869833E-13   1.0821041362364847       1.1989700140736838E-13   1.0821041362364847
5.218534463463045         1.2857067563843176E-13   1.0646508437165416       1.503157678232759E-13    1.0646508437165416       1.3375306732721607E-13   1.0646508437165416       1.4076761763848277E-13   1.0646508437165416       1.3323588002129185E-13   1.0646508437165416
5.235987755982989         1.4712979325326798E-13   1.0471975511965976       1.2503157935059346E-13   1.0471975511965976       1.5269620768521572E-13   1.0471975511965976       1.167014051982061E-13    1.0471975511965976       1.5151089383863304E-13   1.0471975511965976
5.253441048502932         1.5928147215363435E-13   1.0297442586766545       1.1547075788145578E-13   1.0297442586766545       1.45339528854171E-13     1.0297442586766545       1.291407215938781E-13    1.0297442586766545       1.2487372718779688E-13   1.0297442586766545
5.270894341022875         1.532754026711666E-13    1.0122909661567114       1.290159077500901E-13    1.0122909661567114       1.1986362165053063E-13   1.0122909661567114       1.4650848770722862E-13   1.0122909661567114       1.1389571141017058E-13   1.0122909661567114
5.288347633542818         1.3080691134862213E-13   0.9948376736367683       1.4456507805736912E-13   0.9948376736367683       1.1361363964112445E-13   0.9948376736367683       1.2566205313667018E-13   0.9948376736367683       1.3858172429516867E-13   0.9948376736367683
5.305800926062761         1.0927398306665974E-13   0.9773843811168252       1.398052696520754E-13    0.9773843811168252       1.3244559516196357E-13   0.9773843811168252       1.0775759306856387E-13   0.9773843811168252       1.2454109888847317E-13   0.9773843811168252
5.323254218582705         1.0548821224775344E-13   0.9599310885968814       1.1680457445016287E-13   0.9599310885968814       1.3532600902495784E-13   0.9599310885968814       1.2696403197908807E-13   0.9599310885968814       1.0438077270512201E-13   0.9599310885968814
5.340707511102648         1.1884674150321333E-13   0.9424777960769383       1.0392711080136223E-13   0.9424777960769383       1.1280027481049832E-13   0.9424777960769383       1.2897143101171983E-13   0.9424777960769383       1.2688710428972513E-13   0.9424777960769383
5.358160803622591         1.3382400263813206E-13   0.9250245035569951       1.1539394693959063E-13   0.9250245035569951       1.0313639175331636E-13   0.9250245035569951       1.0267749963182138E-13   0.9250245035569951       1.1582715826948414E-13   0.9250245035569951
5.375614096142535         1.3247737064883743E-13   0.9075712110370511       1.2767375460575328E-13   0.9075712110370511       1.1996294755205913E-13   0.9075712110370511       1.0806483519596903E-13   0.9075712110370511       9.734023075843705E-14    0.9075712110370511
5.3930673886624785        1.1183670102815721E-13   0.890117918517108        1.1800421541003196E-13   0.890117918517108        1.1960374002658575E-13   0.890117918517108        1.2180728601286733E-13   0.890117918517108        1.1930797046746978E-13   0.890117918517108
5.410520681182422         9.248514744848608E-14    0.8726646259971649       9.655740620177369E-14    0.8726646259971649       9.772563234243014E-14    0.8726646259971649       9.824878396325778E-14    0.8726646259971649       1.0098928882982464E-13   0.8726646259971649
5.427973973702365         9.300015031694676E-14    0.8552113334772218       9.548726964492046E-14    0.8552113334772218       9.679650749008613E-14    0.8552113334772218       9.590255283203338E-14    0.8552113334772218       9.378897442202495E-14    0.8552113334772218
5.445427266222308         1.0746308297091093E-13   0.8377580409572788       1.0930272629428147E-13   0.8377580409572788       1.1088842700626825E-13   0.8377580409572788       1.1149184376835824E-13   0.8377580409572788       1.1034361367015873E-13   0.8377580409572788
5.462880558742251         1.1539926187800246E-13   0.8203047484373357       1.0790584384834356E-13   0.8203047484373357       9.841492837657186E-14    0.8203047484373357       8.976075940423617E-14    0.8203047484373357       8.421371622945908E-14    0.8203047484373357
5.480333851262194         1.0171552938428088E-13   0.8028514559173925       8.808270101701837E-14    0.8028514559173925       8.336154747829955E-14    0.8028514559173925       8.81753672352945E-14     0.8028514559173925       9.643859854396544E-14    0.8028514559173925
5.497787143782138         8.069249202121325E-14    0.7853981633974485       8.271635107363588E-14    0.7853981633974485       9.589623762709289E-14    0.7853981633974485       1.0063214995395038E-13   0.7853981633974485       9.095628698077411E-14    0.7853981633974485
5.515240436302081         7.754482669965254E-14    0.7679448708775054       9.470213776473769E-14    0.7679448708775054       9.377513606977718E-14    0.7679448708775054       7.830164430091642E-14    0.7679448708775054       7.753072152251852E-14    0.7679448708775054
5.532693728822025         9.009659005514232E-14    0.7504915783575614       9.348106515320814E-14    0.7504915783575614       7.561030288663907E-14    0.7504915783575614       8.403401514367561E-14    0.7504915783575614       9.336821120149526E-14    0.7504915783575614
5.550147021341968         9.707079943169774E-14    0.7330382858376183       7.513682865493096E-14    0.7330382858376183       8.240030975506958E-14    0.7330382858376183       8.72188828100081E-14     0.7330382858376183       6.92610393160973E-14     0.7330382858376183
5.567600313861911         8.225671174773509E-14    0.7155849933176752       7.313525779241187E-14    0.7155849933176752       8.518478115503986E-14    0.7155849933176752       6.753250968683799E-14    0.7155849933176752       8.444225943168355E-14    0.7155849933176752
5.585053606381854         6.454956608069001E-14    0.6981317007977322       8.307268141363011E-14    0.6981317007977322       6.810015430729499E-14    0.6981317007977322       8.167943689318511E-14    0.6981317007977322       6.874871827564632E-14    0.6981317007977322
5.602506898901797         6.663440564755029E-14    0.680678408277789        7.666396816970366E-14    0.680678408277789        7.195515409407692E-14    0.680678408277789        6.971685155277618E-14    0.680678408277789        7.096300105293241E-14    0.680678408277789
5.6199601914217405        7.874962773231931E-14    0.6632251157578459       6.120613462290146E-14    0.6632251157578459       7.508480836008231E-14    0.6632251157578459       6.328613954605264E-14    0.6632251157578459       6.942337989301521E-14    0.6632251157578459
5.6374134839416845        7.722273764442091E-14    0.6457718232379019       6.636394745069496E-14    0.6457718232379019       5.946792763774638E-14    0.6457718232379019       7.309511055103188E-14    0.6457718232379019       5.932879679028335E-14    0.6457718232379019
5.654866776461628         5.810966727908541E-14    0.6283185307179588       7.085647642601607E-14    0.6283185307179588       6.391317078282452E-14    0.6283185307179588       5.3965437561817015E-14   0.6283185307179588       6.78581812048339E-14     0.6283185307179588
5.672320068981571         5.1227656578318024E-14   0.6108652381980157       5.742712700906129E-14    0.6108652381980157       6.432699234065036E-14    0.6108652381980157       6.523567271583169E-14    0.6108652381980157       5.0881114578017326E-14   0.6108652381980157
5.689773361501514         6.06969136663515E-14     0.5934119456780726       5.238637523079365E-14    0.5934119456780726       5.053092025459607E-14    0.5934119456780726       5.4230347212965156E-14   0.5934119456780726       6.384038065101448E-14    0.5934119456780726
5.707226654021458         6.600320577866413E-14    0.5759586531581287       5.967972294428332E-14    0.5759586531581287       5.73691671602341E-14     0.5759586531581287       5.105135624283558E-14    0.5759586531581287       4.4572448289244775E-14   0.5759586531581287
5.7246799465414           5.0508893353687094E-14   0.5585053606381865       5.387069770389075E-14    0.5585053606381865       5.29241303773093E-14     0.5585053606381865       5.544886670180567E-14    0.5585053606381865       5.841675227757575E-14    0.5585053606381865
5.742133239061344         3.99381481709043E-14     0.5410520681182425       4.2611187501319384E-14   0.5410520681182425       4.2903606568645505E-14   0.5410520681182425       4.0904919902638534E-14   0.5410520681182425       3.927330395854173E-14    0.5410520681182425
5.759586531581287         4.6638948858102986E-14   0.5235987755982994       4.8186974511583905E-14   0.5235987755982994       5.0506210596425663E-14   0.5235987755982994       5.241645962187272E-14    0.5235987755982994       5.266672811094265E-14    0.5235987755982994
5.777039824101231         5.369582593831681E-14    0.5061454830783554       4.776836327090315E-14    0.5061454830783554       4.1335587467462845E-14   0.5061454830783554       3.6474516233700115E-14   0.5061454830783554       3.4369662608755845E-14   0.5061454830783554
5.794493116621174         4.06161173054171E-14     0.4886921905584123       3.5484324027743343E-14   0.4886921905584123       3.8362485167124696E-14   0.4886921905584123       4.4547074341238736E-14   0.4886921905584123       4.708637758235569E-14    0.4886921905584123
5.811946409141117         3.028287958528243E-14    0.4712388980384692       3.827279195700285E-14    0.4712388980384692       4.1352695323313067E-14   0.4712388980384692       3.4670210767549486E-14   0.4712388980384692       2.970400066529769E-14    0.4712388980384692
5.829399701661061         3.598562624749888E-14    0.45378560551852526      4.018834672175108E-14    0.45378560551852526      3.1069056234889563E-14   0.45378560551852526      3.505365792532237E-14    0.45378560551852526      4.170463156526211E-14    0.45378560551852526
5.8468529941810035        4.243237151922075E-14    0.436332312998583        2.929881215296387E-14    0.436332312998583        3.556564236386262E-14    0.436332312998583        3.326839858509093E-14    0.436332312998583        2.536830078244429E-14    0.436332312998583
5.8643062867009474        2.947110316771633E-14    0.418879020478639        3.002666578917338E-14    0.418879020478639        3.07051418101314E-14     0.418879020478639        2.6867394013618165E-14   0.418879020478639        3.6238671660855303E-14   0.418879020478639
5.88175957922089          2.197105277650964E-14    0.40142572795869685      3.2498157762321514E-14   0.40142572795869685      2.5263764883399617E-14   0.40142572795869685      3.131499377421882E-14    0.40142572795869685      2.1692765707633417E-14   0.40142572795869685
5.899212871740834         2.79355434447581E-14     0.3839724354387528       2.3347154374051554E-14   0.3839724354387528       2.9010949337121665E-14   0.3839724354387528       2.0864160289746428E-14   0.3839724354387528       3.027921401772637E-14    0.3839724354387528
5.916666164260777         3.210751463524053E-14    0.36651914291880977      2.3202107150765728E-14   0.36651914291880977      2.1020902469949445E-14   0.36651914291880977      2.846921270196517E-14    0.36651914291880977      1.8957811226477742E-14   0.36651914291880977
5.934119456780721         1.8557345300016573E-14   0.3490658503988658       2.5468642961124795E-14   0.3490658503988658       2.397119755246662E-14    0.3490658503988658       1.6571452083484966E-14   0.3490658503988658       2.3657801042516926E-14   0.3490658503988658
5.951572749300663         1.5437344451922213E-14   0.3316125578789235       1.758517090992943E-14    0.3316125578789235       1.9815664676119965E-14   0.3316125578789235       2.4904545963298204E-14   0.3316125578789235       1.7384588552061587E-14   0.3316125578789235
5.969026041820607         2.207377864612163E-14    0.3141592653589796       1.752297446459698E-14    0.3141592653589796       1.5883192867292502E-14   0.3141592653589796       1.3288718621793142E-14   0.3141592653589796       1.677539052063178E-14    0.3141592653589796
5.986479334340551         2.158290566771122E-14    0.29670597283903555      1.941670968232458E-14    0.29670597283903555      1.795992684660446E-14    0.29670597283903555      2.096402389379014E-14    0.29670597283903555      1.69015001725107E-14     0.29670597283903555
6.003932626860493         9.998454835351447E-15    0.27925268031909334      1.2267417673166086E-14   0.27925268031909334      1.2151876337362152E-14   0.27925268031909334      1.0529121245957166E-14   0.27925268031909334      1.0781451919413658E-14   0.27925268031909334
6.021385919380437         1.0592311098210195E-14   0.26179938779914935      1.2758598270330838E-14   0.26179938779914935      1.5482818784831244E-14   0.26179938779914935      1.7063020939235885E-14   0.26179938779914935      1.6667379869272648E-14   0.26179938779914935
6.03883921190038          1.7851716657568643E-14   0.24434609527920628      1.447437142356207E-14    0.24434609527920628      1.0916241437983969E-14   0.24434609527920628      8.117198789627298E-15    0.24434609527920628      6.730467062892764E-15    0.24434609527920628
6.056292504420323         1.0638577486784352E-14   0.22689280275926318      7.747175402684068E-15    0.22689280275926318      9.753348459801116E-15    0.22689280275926318      1.3477480872143552E-14   0.22689280275926318      1.491572687874023E-14    0.22689280275926318
6.073745796940266         5.515569120993996E-15    0.2094395102393201       8.686264788054411E-15    0.2094395102393201       8.765251327708463E-15    0.2094395102393201       5.975027009850615E-15    0.2094395102393201       4.5887609975652414E-15   0.2094395102393201
6.09119908946021          7.545513414910916E-15    0.1919862177193761       1.0706727287626207E-14   0.1919862177193761       5.480841283365119E-15    0.1919862177193761       1.040598240708329E-14    0.1919862177193761       1.0205571575013208E-14   0.1919862177193761
6.108652381980153         1.3121231442840872E-14   0.1745329251994339       4.561923007523071E-15    0.1745329251994339       8.34098380138854E-15     0.1745329251994339       4.1627572590904784E-15   0.1745329251994339       3.962937768699347E-15    0.1745329251994339
6.126105674500097         2.888171325501694E-15    0.15707963267948988      5.147629328381049E-15    0.15707963267948988      5.302509775645061E-15    0.15707963267948988      7.897828978295632E-15    0.15707963267948988      4.348920510567483E-15    0.15707963267948988
6.14355896702004          3.3182601278776687E-15   0.1396263401595468       7.949771163999987E-15    0.1396263401595468       7.031278276268252E-15    0.1396263401595468       2.7430718221512212E-15   0.1396263401595468       5.236685321268033E-15    0.1396263401595468
6.161012259539983         8.132808629096631E-15    0.12217304763960371      3.410477693066575E-15    0.12217304763960371      3.818521331864836E-15    0.12217304763960371      5.979624883700606E-15    0.12217304763960371      1.386669724665215E-15    0.12217304763960371
6.178465552059927         5.288295186659476E-15    0.10471975511965972      2.3706435085584663E-15   0.10471975511965972      2.4423270432879676E-15   0.10471975511965972      1.830821121603022E-15    0.10471975511965972      7.312562289903065E-15    0.10471975511965972
6.19591884457987          4.045964748354013E-15    0.08726646259971663      5.927041943297884E-15    0.08726646259971663      1.8620399376316674E-15   0.08726646259971663      4.75920306578641E-15     0.08726646259971663      1.5865362780805691E-15   0.08726646259971663
6.213372137099814         8.479836799538143E-16    0.06981317007977264      5.5919694803404204E-15   0.06981317007977264      1.866766566163298E-15    0.06981317007977264      1.6941789647634558E-15   0.06981317007977264      5.918988389733778E-15    0.06981317007977264
6.230825429619756         1.3926867124324264E-14   0.052359877559830424     1.5830053939285663E-15   0.052359877559830424     6.584721553908576E-15    0.052359877559830424     4.533459513588303E-15    0.052359877559830424     8.518467067498266E-16    0.052359877559830424
6.2482787221397           6.230775849533202E-16    0.034906585039886445     5.256171614355048E-15    0.034906585039886445     1.0370954234037932E-14   0.034906585039886445     3.3157391065442385E-15   0.034906585039886445     7.235499374343688E-16    0.034906585039886445
6.265732014659642         2.9609827490740523E-14   0.017453292519944232     2.695748333795943E-14    0.017453292519944232     1.8159394133282635E-14   0.017453292519944232     7.96020988182039E-15     0.017453292519944232     1.2381246770867485E-15   0.017453292519944232
6.283185307179586         1.4101433536900196E-41   2.4492935982947064E-16   2.2295673898730733E-41   2.4492935982947064E-16   3.231264421867666E-41    2.4492935982947064E-16   4.400413655131002E-41    2.4492935982947064E-16   5.689161343131427E-41    2.4492935982947064E-16
