% Model:              DipoleAxial_below.mph
% Version:            COMSOL 6.2.0.290
% Date:               Jun 17 2025, 08:45
% Dimension:          1
% Nodes:              361
% Expressions:        4
% Description:        Radiation pattern
% theta                   emw.normEfar^2+emw.normEfar2^2 Elevation angle          emw.normEfar^2+emw.normEfar2^2 Elevation angle
0                         0                        0                        0                        0
0.017453292519943295      0.06570449393414976      0.017453292519943295     0.050904940576470756     0.017453292519943295
0.03490658503988659       0.0013782337444585907    0.03490658503988659      0.02891327230684383      0.03490658503988659
0.05235987755982988       0.03108286376717226      0.05235987755982988      0.018666900203670646     0.05235987755982988
0.06981317007977318       0.0019418402715937466    0.06981317007977318      0.0053811385155749045    0.06981317007977318
0.08726646259971647       0.008969308797047076     0.08726646259971647      0.005641544321592002     0.08726646259971647
0.10471975511965977       0.011978494551750301     0.10471975511965977      0.0073674937899841425    0.10471975511965977
0.12217304763960307       0.01840851050465814      0.12217304763960307      0.01136511563256163      0.12217304763960307
0.13962634015954636       0.007514884495683822     0.13962634015954636      0.020809202560703892     0.13962634015954636
0.15707963267948966       0.006676205658588029     0.15707963267948966      0.015866744269495102     0.15707963267948966
0.17453292519943295       0.02974517095483932      0.17453292519943295      0.025049421524830903     0.17453292519943295
0.19198621771937624       0.017289121154117938     0.19198621771937624      0.016932222564596058     0.19198621771937624
0.20943951023931953       0.012639830348443706     0.2094395102393195       0.0267407282769966       0.2094395102393195
0.22689280275926285       0.02434497878483414      0.22689280275926285      0.02975433129521068      0.22689280275926285
0.24434609527920614       0.04062222932561535      0.24434609527920614      0.033263772282323696     0.24434609527920614
0.2617993877991494        0.024291948690132        0.2617993877991494       0.04677659316583633      0.2617993877991494
0.2792526803190927        0.023002594332934712     0.2792526803190927       0.03728885296617156      0.2792526803190927
0.29670597283903605       0.0491764197138146       0.2967059728390361       0.054576722072867595     0.2967059728390361
0.3141592653589793        0.05036491328733274      0.3141592653589793       0.048720900148834595     0.3141592653589793
0.3316125578789226        0.03539428110044006      0.3316125578789226       0.06033904425927508      0.3316125578789226
0.3490658503988659        0.04253666794513765      0.3490658503988659       0.07261470125947755      0.3490658503988659
0.3665191429188092        0.07308013157888114      0.3665191429188092       0.0642215142617255       0.3665191429188092
0.3839724354387525        0.06376834444318648      0.3839724354387525       0.08781930441301099      0.3839724354387525
0.40142572795869574       0.050336251602840214     0.40142572795869574      0.07712544613829073      0.40142572795869574
0.41887902047863906       0.06734136480570015      0.41887902047863906      0.09312731917256825      0.41887902047863906
0.4363323129985824        0.09654486781431415      0.4363323129985824       0.10741018493350368      0.4363323129985824
0.4537856055185257        0.08208915471449581      0.45378560551852565      0.09455206120421619      0.45378560551852565
0.47123889803846897       0.06926332502809987      0.4712388980384689       0.12471508739078839      0.4712388980384689
0.4886921905584123        0.09259749330822989      0.4886921905584123       0.1161487696450305       0.4886921905584123
0.5061454830783556        0.12201401697437961      0.5061454830783556       0.12488837826539045      0.5061454830783556
0.5235987755982988        0.10616252946088808      0.5235987755982988       0.15164852679354154      0.5235987755982988
0.5410520681182421        0.09110823257846579      0.5410520681182421       0.12974087150149646      0.5410520681182421
0.5585053606381855        0.11495619750581859      0.5585053606381855       0.15888490562807092      0.5585053606381855
0.5759586531581288        0.1497711793934448       0.5759586531581288       0.17177969638108356      0.5759586531581288
0.5934119456780721        0.1378392434410692       0.5934119456780721       0.15207038895355474      0.5934119456780721
0.6108652381980153        0.11653769328626105      0.6108652381980153       0.19206176340243283      0.6108652381980153
0.6283185307179586        0.13205509262564374      0.6283185307179586       0.19082321598428256      0.6283185307179586
0.6457718232379019        0.17496365568472408      0.6457718232379019       0.17799555393869476      0.6457718232379019
0.6632251157578452        0.17837614778956004      0.6632251157578452       0.22310672360495235      0.6632251157578452
0.6806784082777885        0.15113674017362017      0.6806784082777885       0.21397956996316728      0.6806784082777885
0.6981317007977318        0.1464679495047905       0.6981317007977318       0.20280426857143002      0.6981317007977318
0.715584993317675         0.18618742908285635      0.715584993317675        0.25194994124649595      0.715584993317675
0.7330382858376184        0.21935712408997163      0.7330382858376184       0.24376939856674082      0.7330382858376184
0.7504915783575616        0.20366104791036582      0.7504915783575616       0.2241301569487464       0.7504915783575616
0.767944870877505         0.17546242584711316      0.767944870877505        0.27615799499927707      0.767944870877505
0.7853981633974483        0.1825061333233341       0.7853981633974483       0.2819958647794725       0.7853981633974483
0.8028514559173915        0.2295532765396595       0.8028514559173915       0.24585812562304993      0.8028514559173915
0.8203047484373349        0.26011638644047125      0.8203047484373349       0.2887394025869806       0.8203047484373349
0.8377580409572781        0.242257415499534        0.8377580409572781       0.3241773538049855       0.8377580409572781
0.8552113334772214        0.20979675265327852      0.8552113334772216       0.28355076079679437      0.8552113334772216
0.8726646259971648        0.20859739536081265      0.8726646259971648       0.2858808325620471       0.8726646259971648
0.890117918517108         0.2518141880891245       0.890117918517108        0.34804229184339086      0.890117918517108
0.9075712110370514        0.2978525823839585       0.9075712110370514       0.34865945272011434      0.9075712110370514
0.9250245035569946        0.30073130111480506      0.9250245035569946       0.3003192698014111       0.9250245035569946
0.9424777960769379        0.2671254459834703       0.9424777960769379       0.3274227640657201       0.9424777960769379
0.9599310885968813        0.23717712853231568      0.9599310885968814       0.3911219930151411       0.9599310885968814
0.9773843811168246        0.24555679599038766      0.9773843811168246       0.3824527029304641       0.9773843811168246
0.9948376736367678        0.2935340735552811       0.9948376736367677       0.3285070957022502       0.9948376736367677
1.0122909661567112        0.34354680630151413      1.0122909661567112       0.34577214823304225      1.0122909661567112
1.0297442586766543        0.3567902777628136       1.0297442586766543       0.41754367761266925      1.0297442586766543
1.0471975511965976        0.3295182041487022       1.0471975511965976       0.4378408834966321       1.0471975511965976
1.064650843716541         0.28798182863339         1.064650843716541        0.38364944927293887      1.064650843716541
1.0821041362364843        0.26490991520465107      1.0821041362364843       0.34745972750223597      1.0821041362364843
1.0995574287564276        0.28040369538143783      1.0995574287564276       0.39450925695917444      1.0995574287564276
1.117010721276371         0.32974897566682004      1.117010721276371        0.46906088721894307      1.117010721276371
1.1344640137963142        0.38620526732058597      1.1344640137963142       0.4863644896281705       1.1344640137963142
1.1519173063162575        0.42015801703971384      1.1519173063162575       0.43208886884997094      1.1519173063162575
1.1693705988362006        0.41762855542322896      1.1693705988362006       0.37348314155517115      1.1693705988362006
1.1868238913561442        0.38424939490444465      1.1868238913561442       0.3809586736637277       1.1868238913561442
1.2042771838760873        0.33788449804902587      1.2042771838760873       0.4521876206415786       1.2042771838760873
1.2217304763960306        0.2991267149222408       1.2217304763960306       0.5277913978390923       1.2217304763960306
1.239183768915974         0.2839587675757581       1.239183768915974        0.5520030286371086       1.239183768915974
1.2566370614359172        0.29920022111622835      1.2566370614359172       0.5113437993740662       1.2566370614359172
1.2740903539558606        0.3413976440036409       1.2740903539558606       0.43746525335334496      1.2740903539558606
1.2915436464758039        0.3994223105533938       1.2915436464758039       0.38074736311328644      1.2915436464758039
1.3089969389957472        0.4592932749022612       1.3089969389957472       0.3760399894593623       1.3089969389957472
1.3264502315156903        0.5087699248156313       1.3264502315156903       0.4263928536124314       1.3264502315156903
1.3439035240356338        0.5400181483520765       1.3439035240356338       0.5098767332186748       1.3439035240356338
1.361356816555577         0.5501247075353952       1.361356816555577        0.5961312622706669       1.361356816555577
1.3788101090755203        0.5401922740752061       1.3788101090755203       0.6599281771076486       1.3788101090755203
1.3962634015954636        0.5138993305944256       1.3962634015954636       0.6875386676022758       1.3962634015954636
1.413716694115407         0.47612053829714035      1.413716694115407        0.6770453180840525       1.413716694115407
1.43116998663535          0.4318708552506875       1.43116998663535         0.6351559436546425       1.43116998663535
1.4486232791552935        0.3856266860791523       1.4486232791552935       0.572903030365569        1.4486232791552935
1.4660765716752369        0.3409827336427235       1.4660765716752369       0.5018603807577081       1.4660765716752369
1.4835298641951802        0.3005684797783663       1.4835298641951802       0.43167307178288705      1.4835298641951802
1.5009831567151233        0.2661375404530246       1.5009831567151233       0.3691046226209421       1.5009831567151233
1.5184364492350666        0.23874695430960968      1.5184364492350666       0.31824236267407113      1.5184364492350666
1.53588974175501          0.21896033013920158      1.53588974175501         0.2811923582813796       1.53588974175501
1.5533430342749535        0.20703252534626324      1.5533430342749535       0.2588190742678786       1.5533430342749535
1.5707963267948966        0.20305392151739687      1.5707963267948966       0.2513663253356242       1.5707963267948966
1.5882496193148399        0.20704327503697872      1.5882496193148399       0.2588513845474054       1.5882496193148399
1.605702911834783         0.21898162646930697      1.605702911834783        0.2812081901087953       1.605702911834783
1.6231562043547263        0.23878199272660824      1.6231562043547263       0.3182040847235159       1.6231562043547263
1.6406094968746698        0.2661948310180935       1.6406094968746698       0.3690487080067627       1.6406094968746698
1.6580627893946132        0.3006577212832054       1.6580627893946132       0.4316746026799041       1.6580627893946132
1.6755160819145563        0.34110693220655713      1.6755160819145563       0.50191966361769         1.6755160819145563
1.6929693744344996        0.3857777238581887       1.6929693744344996       0.5729344732130475       1.6929693744344996
1.710422666954443         0.43203284395250996      1.710422666954443        0.6351213391776717       1.710422666954443
1.7278759594743864        0.4762777384374725       1.7278759594743864       0.6770083363179803       1.7278759594743864
1.7453292519943295        0.5140417560180723       1.7453292519943295       0.6875409163033804       1.7453292519943295
1.7627825445142729        0.540315794271429        1.7627825445142729       0.6599205455376971       1.7627825445142729
1.780235837034216         0.5502284057563805       1.780235837034216        0.5960824024185268       1.780235837034216
1.7976891295541593        0.5401028964080818       1.7976891295541593       0.5098353492355241       1.7976891295541593
1.8151424220741028        0.5088383328598235       1.8151424220741028       0.42640031830882463      1.8151424220741028
1.8325957145940461        0.45934929842662364      1.8325957145940461       0.3760807977309406       1.8325957145940461
1.8500490071139892        0.39947160597864423      1.8500490071139892       0.3807929678386695       1.8500490071139892
1.8675022996339325        0.3414499140218959       1.8675022996339325       0.43750241184107513      1.8675022996339325
1.8849555921538759        0.2992696134938088       1.8849555921538759       0.5113790336284103       1.8849555921538759
1.902408884673819         0.28405790708219225      1.902408884673819        0.5520583798154576       1.902408884673819
1.9198621771937625        0.2992576354791943       1.9198621771937625       0.527865431946968        1.9198621771937625
1.9373154697137058        0.33803480294869825      1.9373154697137058       0.45225307174503293      1.9373154697137058
1.9547687622336491        0.3843979360990658       1.9547687622336491       0.3810164603199223       1.9547687622336491
1.9722220547535922        0.4177558539632826       1.9722220547535922       0.3735474607654298       1.9722220547535922
1.9896753472735356        0.4202529112769677       1.9896753472735356       0.43215521131934886      1.9896753472735356
2.007128639793479         0.38626959735148125      2.007128639793479        0.4864139021487856       2.007128639793479
2.0245819323134224        0.3298063023034233       2.0245819323134224       0.469086484292177        2.0245819323134224
2.0420352248333655        0.2804968836914266       2.0420352248333655       0.3945111729431189       2.0420352248333655
2.0594885173533086        0.2650723016462469       2.0594885173533086       0.3474576743198146       2.0594885173533086
2.076941809873252         0.28820740712676585      2.076941809873252        0.3836750606295834       2.076941809873252
2.0943951023931953        0.3297619996257134       2.0943951023931953       0.43790530681623835      2.0943951023931953
2.111848394913139         0.356996784741462        2.111848394913139        0.41762884613046125      2.111848394913139
2.129301687433082         0.3436917510806905       2.129301687433082        0.3458497210473797       2.129301687433082
2.1467549799530254        0.29364946564500244      2.1467549799530254       0.3285702802698767       2.1467549799530254
2.1642082724729685        0.2457073864482628       2.1642082724729685       0.3825294732243879       2.1642082724729685
2.1816615649929116        0.2374016440396339       2.1816615649929116       0.3912222233855189       2.1816615649929116
2.199114857512855         0.26739315558200255      2.199114857512855        0.3275061728709449       2.199114857512855
2.2165681500327987        0.30096741250255166      2.2165681500327987       0.30038587951048656      2.2165681500327987
2.234021442552742         0.2980173659067862       2.234021442552742        0.348743326986848        2.234021442552742
2.251474735072685         0.25194440078657765      2.251474735072685        0.34812141475223624      2.251474735072685
2.2689280275926285        0.20876788533727797      2.2689280275926285       0.285947767822967        2.2689280275926285
2.286381320112572         0.21003485632699334      2.286381320112572        0.28361858468714196      2.286381320112572
2.303834612632515         0.24250292415155794      2.303834612632515        0.3242403878819693       2.303834612632515
2.321287905152458         0.2602983766587425       2.321287905152458        0.28879752154453153      2.321287905152458
2.3387411976724013        0.22968136133804617      2.3387411976724013       0.24591040618135626      2.3387411976724013
2.356194490192345         0.18265774113650726      2.356194490192345        0.28202775046067224      2.356194490192345
2.3736477827122884        0.1756803067935099       2.3736477827122884       0.2761858387958401       2.3736477827122884
2.3911010752322315        0.20388610931622295      2.3911010752322315       0.22415832636207353      2.3911010752322315
2.4085543677521746        0.21951357018821308      2.4085543677521746       0.24377151343661196      2.4085543677521746
2.426007660272118         0.18629530493350174      2.426007660272118        0.2519318548778652       2.426007660272118
2.443460952792061         0.14661444354125042      2.443460952792061        0.20280398539781977      2.443460952792061
2.4609142453120043        0.15134006644787734      2.4609142453120043       0.21397139352474787      2.4609142453120043
2.478367537831948         0.1785529500802617       2.478367537831948        0.2231189772869582       2.478367537831948
2.4958208303518914        0.1750747176124349       2.4958208303518914       0.17805799910346637      2.4958208303518914
2.5132741228718345        0.13216793404448157      2.5132741228718345       0.19088052032897782      2.5132741228718345
2.5307274153917776        0.11671158818265472      2.5307274153917776       0.19207881311522823      2.5307274153917776
2.548180707911721         0.13801415675565362      2.548180707911721        0.1520848998090399       2.548180707911721
2.5656340004316647        0.14986395503087546      2.5656340004316647       0.17179347582248877      2.5656340004316647
2.5830872929516078        0.1150214103777666       2.5830872929516078       0.15888810741031684      2.5830872929516078
2.600540585471551         0.09123685017835649      2.600540585471551        0.12973266835074984      2.600540585471551
2.6179938779914944        0.10631746872091119      2.6179938779914944       0.1516484755924269       2.6179938779914944
2.6354471705114375        0.1221016893389259       2.6354471705114375       0.12491518835985362      2.6354471705114375
2.6529004630313806        0.09263148088559622      2.6529004630313806       0.11618728402451213      2.6529004630313806
2.670353755551324         0.06932432205865159      2.670353755551324        0.12477026837580368      2.670353755551324
2.6878070480712677        0.08215638607394836      2.6878070480712677       0.09459480185839779      2.6878070480712677
2.705260340591211         0.09657861626478312      2.705260340591211        0.10741348528364045      2.705260340591211
2.722713633111154         0.0673818986618704       2.722713633111154        0.09310641636203905      2.722713633111154
2.740166925631097         0.050424041303614574     2.740166925631097        0.07709261676907773      2.740166925631097
2.7576202181510405        0.06384246726266715      2.7576202181510405       0.08777859748996203      2.7576202181510405
2.775073510670984         0.07310217113202105      2.775073510670984        0.06420961621237034      2.775073510670984
2.792526803190927         0.04257272035891154      2.792526803190927        0.07260902606116866      2.792526803190927
2.8099800957108703        0.035463427757166065     2.8099800957108703       0.06035252005601049      2.8099800957108703
2.827433388230814         0.05038842890412663      2.827433388230814        0.04875793598861771      2.827433388230814
2.844886680750757         0.04916462838154214      2.844886680750757        0.05460344493569018      2.844886680750757
2.8623399732707           0.023033380803455482     2.8623399732707          0.037273511850854896     2.8623399732707
2.8797932657906435        0.02434238979085191      2.8797932657906435       0.04674958761237792      2.8797932657906435
2.897246558310587         0.040634920384978804     2.897246558310587        0.033273282858819725     2.897246558310587
2.9146998508305306        0.024344881659821363     2.9146998508305306       0.02977313459072487      2.9146998508305306
2.9321531433504737        0.012673954658765503     2.9321531433504737       0.02674249718579301      2.9321531433504737
2.949606435870417         0.01731368044965753      2.949606435870417        0.01692878899045459      2.949606435870417
2.9670597283903604        0.02975579931962338      2.9670597283903604       0.025054866414103105     2.9670597283903604
2.9845130209103035        0.006699662150466131     2.9845130209103035       0.015886659106269792     2.9845130209103035
3.0019663134302466        0.0075439995772896475    3.0019663134302466       0.020830508884107188     3.0019663134302466
3.01941960595019          0.018392931883596846     3.01941960595019         0.011367254628384697     3.01941960595019
3.036872898470133         0.011954581850711698     3.036872898470133        0.007352893909147888     3.036872898470133
3.0543261909900763        0.008995729207421673     3.0543261909900763       0.005642884653504722     3.0543261909900763
3.07177948351002          0.001954237507469694     3.07177948351002         0.005386897764100089     3.07177948351002
3.0892327760299634        0.031112198651992697     3.0892327760299634       0.018670482423051207     3.0892327760299634
3.106686068549907         0.0013754809368696518    3.106686068549907        0.028932572023233568     3.106686068549907
3.12413936106985          0.06567608194554896      3.12413936106985         0.050871816103516376     3.12413936106985
3.141592653589793         7.82317365956628E-30     3.141592653589793        2.259739043278844E-29    3.141592653589793
3.159045946109736         0.06567608194554908      3.1241393610698505       0.05087181610351886      3.1241393610698505
3.1764992386296798        0.0013754809368693973    3.106686068549907        0.02893257202323366      3.106686068549907
3.193952531149623         0.031112198651992835     3.089232776029964        0.01867048242305039      3.089232776029964
3.211405823669566         0.0019542375074697053    3.0717794835100207       0.005386897764098781     3.0717794835100207
3.2288591161895095        0.008995729207422247     3.054326190990077        0.005642884653503836     3.054326190990077
3.2463124087094526        0.011954581850710373     3.036872898470134        0.007352893909148516     3.036872898470134
3.2637657012293966        0.01839293188359647      3.01941960595019         0.011367254628384551     3.01941960595019
3.2812189937493397        0.007543999577289794     3.001966313430247        0.02083050888410758      3.001966313430247
3.2986722862692828        0.006699662150465899     2.984513020910304        0.015886659106269664     2.984513020910304
3.3161255787892263        0.029755799319623785     2.9670597283903604       0.02505486641410322      2.9670597283903604
3.3335788713091694        0.01731368044965756      2.9496064358704173       0.016928788990454774     2.9496064358704173
3.3510321638291125        0.01267395465876546      2.932153143350474        0.026742497185792788     2.932153143350474
3.368485456349056         0.02434488165982148      2.9146998508305306       0.02977313459072421      2.9146998508305306
3.385938748868999         0.04063492038497891      2.8972465583105875       0.03327328285881931      2.8972465583105875
3.4033920413889422        0.02434238979085214      2.8797932657906444       0.04674958761237778      2.8797932657906444
3.420845333908886         0.023033380803455086     2.862339973270701        0.037273511850853924     2.862339973270701
3.438298626428829         0.04916462838154089      2.8448866807507573       0.05460344493569028      2.8448866807507573
3.455751918948773         0.05038842890412646      2.827433388230814        0.048757935988617655     2.827433388230814
3.473205211468716         0.03546342775716592      2.8099800957108707       0.060352520056009905     2.8099800957108707
3.490658503988659         0.04257272035891122      2.7925268031909276       0.07260902606116888      2.7925268031909276
3.5081117965086026        0.0731021711320209       2.775073510670984        0.06420961621237038      2.775073510670984
3.5255650890285457        0.06384246726266732      2.757620218151041        0.08777859748996286      2.757620218151041
3.543018381548489         0.050424041303614636     2.7401669256310974       0.07709261676907811      2.7401669256310974
3.560471674068432         0.06738189866186886      2.7227136331111548       0.09310641636203744      2.7227136331111548
3.5779249665883754        0.09657861626478233      2.7052603405912112       0.10741348528364111      2.7052603405912112
3.5953782591083185        0.08215638607394814      2.687807048071268        0.09459480185839707      2.687807048071268
3.6128315516282616        0.06932432205865188      2.670353755551325        0.12477026837580282      2.670353755551325
3.6302848441482056        0.09263148088559542      2.652900463031381        0.11618728402451195      2.652900463031381
3.6477381366681487        0.1221016893389252       2.635447170511438        0.12491518835985178      2.635447170511438
3.6651914291880923        0.10631746872091154      2.6179938779914944       0.15164847559242647      2.6179938779914944
3.6826447217080354        0.09123685017835635      2.6005405854715513       0.1297326683507498       2.6005405854715513
3.7000980142279785        0.1150214103777656       2.5830872929516078       0.15888810741031817      2.5830872929516078
3.717551306747922         0.14986395503087474      2.5656340004316647       0.17179347582248852      2.5656340004316647
3.735004599267865         0.138014156755654        2.548180707911721        0.15208489980904016      2.548180707911721
3.752457891787808         0.11671158818265524      2.530727415391778        0.19207881311522568      2.530727415391778
3.7699111843077517        0.13216793404448068      2.5132741228718345       0.19088052032897895      2.5132741228718345
3.787364476827695         0.17507471761243476      2.4958208303518914       0.1780579991034661       2.4958208303518914
3.804817769347638         0.1785529500802632       2.4783675378319483       0.2231189772869571       2.4783675378319483
3.822271061867582         0.15134006644787742      2.4609142453120043       0.21397139352474978      2.4609142453120043
3.839724354387525         0.14661444354125083      2.4434609527920617       0.20280398539782038      2.4434609527920617
3.8571776469074686        0.1862953049335019       2.426007660272118        0.25193185487786585      2.426007660272118
3.8746309394274117        0.21951357018821244      2.408554367752175        0.2437715134366127       2.408554367752175
3.8920842319473548        0.20388610931622297      2.3911010752322315       0.22415832636207408      2.3911010752322315
3.9095375244672983        0.17568030679350957      2.3736477827122884       0.2761858387958413       2.3736477827122884
3.9269908169872414        0.1826577411365071       2.3561944901923453       0.28202775046067147      2.3561944901923453
3.9444441095071845        0.2296813613380438       2.338741197672402        0.24591040618135757      2.338741197672402
3.9618974020271276        0.26029837665874234      2.321287905152459        0.2887975215445292       2.321287905152459
3.979350694547071         0.24250292415155897      2.3038346126325155       0.32424038788196813      2.3038346126325155
3.9968039870670142        0.2100348563269934       2.2863813201125724       0.283618584687142        2.2863813201125724
4.014257279586958         0.20876788533727703      2.2689280275926285       0.28594776782296616      2.2689280275926285
4.031710572106902         0.2519444007865784       2.2514747350726845       0.3481214147522369       2.2514747350726845
4.049163864626845         0.2980173659067871       2.2340214425527414       0.34874332698684657      2.2340214425527414
4.066617157146788         0.30096741250255254      2.2165681500327987       0.3003858795104867       2.2165681500327987
4.084070449666731         0.26739315558200255      2.1991148575128556       0.32750617287094297      2.1991148575128556
4.101523742186674         0.2374016440396334       2.1816615649929125       0.3912222233855169       2.1816615649929125
4.118977034706617         0.24570738644826032      2.164208272472969        0.3825294732243905       2.164208272472969
4.136430327226561         0.2936494656450031       2.146754979953025        0.32857028026987556      2.146754979953025
4.153883619746504         0.3436917510806914       2.1293016874330823       0.3458497210473802       2.1293016874330823
4.171336912266447         0.35699678474146235      2.111848394913139        0.417628846130461        2.111848394913139
4.1887902047863905        0.3297619996257153       2.094395102393196        0.4379053068162364       2.094395102393196
4.2062434973063345        0.28820740712676585      2.076941809873252        0.38367506062958356      2.076941809873252
4.223696789826278         0.26507230164624684      2.059488517353309        0.34745767431981417      2.059488517353309
4.241150082346221         0.2804968836914254       2.042035224833366        0.39451117294311966      2.042035224833366
4.258603374866164         0.32980630230342306      2.024581932313423        0.469086484292178        2.024581932313423
4.276056667386107         0.3862695973514787       2.0071286397934798       0.4864139021487859       2.0071286397934798
4.293509959906051         0.4202529112769677       1.9896753472735356       0.43215521131934886      1.9896753472735356
4.310963252425994         0.4177558539632826       1.9722220547535925       0.3735474607654304       1.9722220547535925
4.328416544945937         0.3843979360990654       1.9547687622336494       0.38101646031991954      1.9547687622336494
4.34586983746588          0.33803480294869825      1.9373154697137063       0.4522530717450297       1.9373154697137063
4.363323129985823         0.29925763547919576      1.9198621771937632       0.5278654319469662       1.9198621771937632
4.380776422505767         0.28405790708219164      1.9024088846738192       0.5520583798154582       1.9024088846738192
4.39822971502571          0.29926961349380776      1.884955592153876        0.511379033628409        1.884955592153876
4.4156830075456535        0.34144991402189484      1.867502299633933        0.4375024118410767       1.867502299633933
4.4331363000655974        0.39947160597864456      1.850049007113989        0.3807929678386669       1.850049007113989
4.4505895925855405        0.45934929842662375      1.832595714594046        0.37608079773094094      1.832595714594046
4.468042885105484         0.5088383328598235       1.8151424220741028       0.42640031830882463      1.8151424220741028
4.485496177625427         0.540102896408082        1.7976891295541597       0.5098353492355217       1.7976891295541597
4.50294947014537          0.5502284057563814       1.7802358370342166       0.5960824024185218       1.7802358370342166
4.520402762665313         0.5403157942714293       1.7627825445142735       0.6599205455376945       1.7627825445142735
4.537856055185257         0.5140417560180723       1.7453292519943295       0.6875409163033804       1.7453292519943295
4.5553093477052           0.4762777384374725       1.7278759594743864       0.6770083363179803       1.7278759594743864
4.572762640225144         0.4320328439525092       1.7104226669544424       0.6351213391776706       1.7104226669544424
4.590215932745087         0.385777723858188        1.6929693744344994       0.5729344732130469       1.6929693744344994
4.60766922526503          0.34110693220655713      1.6755160819145563       0.5019196636176899       1.6755160819145563
4.625122517784973         0.30065772128320534      1.6580627893946132       0.43167460267990376      1.6580627893946132
4.642575810304916         0.2661948310180938       1.64060949687467         0.3690487080067623       1.64060949687467
4.6600291028248595        0.23878199272660913      1.623156204354727        0.31820408472351785      1.623156204354727
4.677482395344803         0.21898162646930758      1.6057029118347839       0.2812081901087974       1.6057029118347839
4.694935687864747         0.20704327503697878      1.5882496193148399       0.25885138454740547      1.5882496193148399
4.71238898038469          0.2030539215173966       1.5707963267948968       0.25136632533562486      1.5707963267948968
4.729842272904633         0.20703252534626285      1.5533430342749537       0.25881907426787765      1.5533430342749537
4.747295565424577         0.2189603301392022       1.5358897417550097       0.2811923582813804       1.5358897417550097
4.76474885794452          0.23874695430960996      1.5184364492350666       0.31824236267407063      1.5184364492350666
4.782202150464463         0.26613754045302496      1.5009831567151235       0.369104622620941        1.5009831567151235
4.799655442984406         0.3005684797783655       1.4835298641951804       0.43167307178288716      1.4835298641951804
4.817108735504349         0.3409827336427228       1.4660765716752373       0.5018603807577079       1.4660765716752373
4.834562028024293         0.38562668607915224      1.4486232791552933       0.5729030303655698       1.4486232791552933
4.852015320544236         0.43187085525068564      1.4311699866353502       0.6351559436546409       1.4311699866353502
4.869468613064179         0.4761205382971396       1.4137166941154071       0.677045318084051        1.4137166941154071
4.886921905584122         0.5138993305944237       1.396263401595464        0.6875386676022768       1.396263401595464
4.9043751981040655        0.5401922740752056       1.378810109075521        0.6599281771076478       1.378810109075521
4.921828490624009         0.5501247075353962       1.3613568165555778       0.5961312622706709       1.3613568165555778
4.939281783143953         0.5400181483520765       1.3439035240356338       0.5098767332186748       1.3439035240356338
4.956735075663896         0.5087699248156325       1.3264502315156907       0.4263928536124301       1.3264502315156907
4.97418836818384          0.45929327490225824      1.3089969389957468       0.3760399894593585       1.3089969389957468
4.991641660703783         0.3994223105533935       1.2915436464758037       0.3807473631132873       1.2915436464758037
5.009094953223726         0.34139764400364053      1.2740903539558606       0.43746525335334463      1.2740903539558606
5.026548245743669         0.299200221116229        1.2566370614359175       0.5113437993740649       1.2566370614359175
5.044001538263612         0.28395876757575816      1.2391837689159744       0.5520030286371094       1.2391837689159744
5.061454830783555         0.29912671492224024      1.2217304763960313       0.5277913978390945       1.2217304763960313
5.078908123303498         0.3378844980490244       1.2042771838760882       0.45218762064158485      1.2042771838760882
5.096361415823442         0.38424939490444465      1.1868238913561442       0.3809586736637277       1.1868238913561442
5.113814708343385         0.4176285554232266       1.169370598836201        0.3734831415551698       1.169370598836201
5.131268000863329         0.42015801703971345      1.151917306316257        0.43208886884997083      1.151917306316257
5.1487212933832724        0.3862052673205853       1.134464013796314        0.48636448962817025      1.134464013796314
5.1661745859032155        0.3297489756668203       1.117010721276371        0.4690608872189423       1.117010721276371
5.183627878423159         0.28040369538143695      1.0995574287564278       0.3945092569591748       1.0995574287564278
5.201081170943102         0.2649099152046502       1.0821041362364847       0.3474597275022346       1.0821041362364847
5.218534463463045         0.2879818286333879       1.0646508437165416       0.3836494492729374       1.0646508437165416
5.235987755982989         0.3295182041487022       1.0471975511965976       0.4378408834966321       1.0471975511965976
5.253441048502932         0.3567902777628139       1.0297442586766545       0.41754367761267064      1.0297442586766545
5.270894341022875         0.34354680630151474      1.0122909661567114       0.3457721482330433       1.0122909661567114
5.288347633542818         0.2935340735552843       0.9948376736367683       0.3285070957022484       0.9948376736367683
5.305800926062761         0.24555679599038854      0.9773843811168252       0.38245270293046096      0.9773843811168252
5.323254218582705         0.23717712853231568      0.9599310885968814       0.3911219930151411       0.9599310885968814
5.340707511102648         0.2671254459834706       0.9424777960769383       0.32742276406572124      0.9424777960769383
5.358160803622591         0.30073130111480384      0.9250245035569951       0.3003192698014116       0.9250245035569951
5.375614096142535         0.2978525823839584       0.9075712110370511       0.34865945272011367      0.9075712110370511
5.3930673886624785        0.2518141880891245       0.890117918517108        0.34804229184339086      0.890117918517108
5.410520681182422         0.20859739536081254      0.8726646259971649       0.2858808325620479       0.8726646259971649
5.427973973702365         0.2097967526532795       0.8552113334772218       0.283550760796793        0.8552113334772218
5.445427266222308         0.24225741549953336      0.8377580409572788       0.3241773538049848       0.8377580409572788
5.462880558742251         0.2601163864404715       0.8203047484373357       0.2887394025869844       0.8203047484373357
5.480333851262194         0.22955327653966284      0.8028514559173925       0.24585812562304965      0.8028514559173925
5.497787143782138         0.18250613332333532      0.7853981633974485       0.2819958647794721       0.7853981633974485
5.515240436302081         0.17546242584711305      0.7679448708775054       0.2761579949992802       0.7679448708775054
5.532693728822025         0.20366104791036718      0.7504915783575614       0.2241301569487465       0.7504915783575614
5.550147021341968         0.2193571240899712       0.7330382858376183       0.2437693985667418       0.7330382858376183
5.567600313861911         0.18618742908285715      0.7155849933176752       0.25194994124649606      0.7155849933176752
5.585053606381854         0.14646794950479064      0.6981317007977322       0.20280426857143102      0.6981317007977322
5.602506898901797         0.15113674017362005      0.680678408277789        0.21397956996316672      0.680678408277789
5.6199601914217405        0.17837614778955893      0.6632251157578459       0.2231067236049532       0.6632251157578459
5.6374134839416845        0.17496365568472408      0.6457718232379019       0.17799555393869476      0.6457718232379019
5.654866776461628         0.1320550926256446       0.6283185307179588       0.19082321598428148      0.6283185307179588
5.672320068981571         0.11653769328626087      0.6108652381980157       0.19206176340243347      0.6108652381980157
5.689773361501514         0.13783924344106854      0.5934119456780726       0.15207038895355512      0.5934119456780726
5.707226654021458         0.14977117939344536      0.5759586531581287       0.17177969638108315      0.5759586531581287
5.7246799465414           0.11495619750582146      0.5585053606381865       0.1588849056280738       0.5585053606381865
5.742133239061344         0.09110823257846581      0.5410520681182425       0.1297408715014959       0.5410520681182425
5.759586531581287         0.1061625294608872       0.5235987755982994       0.1516485267935401       0.5235987755982994
5.777039824101231         0.12201401697438001      0.5061454830783554       0.12488837826539045      0.5061454830783554
5.794493116621174         0.09259749330822989      0.4886921905584123       0.1161487696450305       0.4886921905584123
5.811946409141117         0.0692633250281          0.4712388980384692       0.1247150873907885       0.4712388980384692
5.829399701661061         0.08208915471449621      0.45378560551852526      0.09455206120421611      0.45378560551852526
5.8468529941810035        0.09654486781431428      0.436332312998583        0.10741018493350271      0.436332312998583
5.8643062867009474        0.06734136480570004      0.418879020478639        0.09312731917256803      0.418879020478639
5.88175957922089          0.05033625160284041      0.40142572795869685      0.07712544613829074      0.40142572795869685
5.899212871740834         0.063768344443186        0.3839724354387528       0.08781930441301161      0.3839724354387528
5.916666164260777         0.07308013157888175      0.36651914291880977      0.06422151426172625      0.36651914291880977
5.934119456780721         0.04253666794513739      0.3490658503988658       0.07261470125947769      0.3490658503988658
5.951572749300663         0.03539428110043994      0.3316125578789235       0.06033904425927655      0.3316125578789235
5.969026041820607         0.05036491328733252      0.3141592653589796       0.048720900148835115     0.3141592653589796
5.986479334340551         0.04917641971381324      0.29670597283903555      0.054576722072866624     0.29670597283903555
6.003932626860493         0.02300259433293504      0.27925268031909334      0.037288852966172265     0.27925268031909334
6.021385919380437         0.02429194869013207      0.26179938779914935      0.04677659316583606      0.26179938779914935
6.03883921190038          0.04062222932561509      0.24434609527920628      0.03326377228232372      0.24434609527920628
6.056292504420323         0.024344978784834884     0.22689280275926318      0.029754331295210115     0.22689280275926318
6.073745796940266         0.012639830348443388     0.2094395102393201       0.0267407282769971       0.2094395102393201
6.09119908946021          0.017289121154117747     0.1919862177193761       0.016932222564596037     0.1919862177193761
6.108652381980153         0.029745170954840472     0.1745329251994339       0.025049421524831705     0.1745329251994339
6.126105674500097         0.006676205658588114     0.15707963267948988      0.01586674426949529      0.15707963267948988
6.14355896702004          0.007514884495683971     0.1396263401595468       0.02080920256070347      0.1396263401595468
6.161012259539983         0.018408510504657433     0.12217304763960371      0.01136511563256138      0.12217304763960371
6.178465552059927         0.011978494551750237     0.10471975511965972      0.007367493789984216     0.10471975511965972
6.19591884457987          0.00896930879704701      0.08726646259971663      0.005641544321591972     0.08726646259971663
6.213372137099814         0.0019418402715937672    0.06981317007977264      0.005381138515573867     0.06981317007977264
6.230825429619756         0.031082863767172113     0.052359877559830424     0.01866690020367212      0.052359877559830424
6.2482787221397           0.001378233744458739     0.034906585039886445     0.028913272306844016     0.034906585039886445
6.265732014659642         0.06570449393415001      0.017453292519944232     0.05090494057646046      0.017453292519944232
6.283185307179586         3.1301547605098776E-29   2.4492935982947064E-16   9.04093893676455E-29     2.4492935982947064E-16
