% Model:              DipoleAxial_below.mph
% Version:            COMSOL 6.2.0.290
% Date:               Jun 17 2025, 08:51
% Dimension:          1
% Nodes:              361
% Expressions:        4
% Description:        Radiation pattern
% theta                   emw.normEfar^2+emw.normEfar2^2 Elevation angle          emw.normEfar^2+emw.normEfar2^2 Elevation angle
0                         0                        0                        0                        0
0.017453292519943295      2.4176107007291758E-11   0.017453292519943295     1.1182940735870363E-11   0.017453292519943295
0.03490658503988659       5.087061911612304E-13    0.03490658503988659      6.364999613875433E-12    0.03490658503988659
0.05235987755982988       1.1385193288679096E-11   0.05235987755982988      4.058125662111823E-12    0.05235987755982988
0.06981317007977318       6.989778253849343E-13    0.06981317007977318      1.1528381334716638E-12   0.06981317007977318
0.08726646259971647       3.307626051252685E-12    0.08726646259971647      1.1536275776099465E-12   0.08726646259971647
0.10471975511965977       4.337812659064197E-12    0.10471975511965977      1.5103989416171113E-12   0.10471975511965977
0.12217304763960307       6.671902377178759E-12    0.12217304763960307      2.3668041634936293E-12   0.12217304763960307
0.13962634015954636       2.7284689454930945E-12   0.13962634015954636      4.356256692413116E-12    0.13962634015954636
0.15707963267948966       2.38375322752371E-12     0.15707963267948966      3.2883519469982223E-12   0.15707963267948966
0.17453292519943295       1.0762227646361796E-11   0.17453292519943295      5.1713532681793E-12      0.17453292519943295
0.19198621771937624       6.2096827718275045E-12   0.19198621771937624      3.4078533430053835E-12   0.19198621771937624
0.20943951023931953       4.545053140166031E-12    0.2094395102393195       5.441888594080115E-12    0.2094395102393195
0.22689280275926285       8.741149442118352E-12    0.22689280275926285      6.05969671903311E-12     0.22689280275926285
0.24434609527920614       1.4651382012089253E-11   0.24434609527920614      6.788327810985187E-12    0.24434609527920614
0.2617993877991494        8.719139182061854E-12    0.2617993877991494       9.608661260148389E-12    0.2617993877991494
0.2792526803190927        8.230249165167917E-12    0.2792526803190927       7.558218360340485E-12    0.2792526803190927
0.29670597283903605       1.7709924894591403E-11   0.2967059728390361       1.1159626257557679E-11   0.2967059728390361
0.3141592653589793        1.8129717842195754E-11   0.3141592653589793       9.884257714017546E-12    0.3141592653589793
0.3316125578789226        1.2704448673689318E-11   0.3316125578789226       1.2322028095805144E-11   0.3316125578789226
0.3490658503988659        1.525215192216117E-11    0.3490658503988659       1.4891878556549878E-11   0.3490658503988659
0.3665191429188092        2.634197269611019E-11    0.3665191429188092       1.307748753375479E-11    0.3665191429188092
0.3839724354387525        2.2951553267286907E-11   0.3839724354387525       1.8027062653342208E-11   0.3839724354387525
0.40142572795869574       1.80746575466235E-11     0.40142572795869574      1.5723820951004865E-11   0.40142572795869574
0.41887902047863906       2.420766074261113E-11    0.41887902047863906      1.910020674914087E-11    0.41887902047863906
0.4363323129985824        3.4824753868374265E-11   0.4363323129985824       2.2104722037139326E-11   0.4363323129985824
0.4537856055185257        2.957221043660635E-11    0.45378560551852565      1.934135267855223E-11    0.45378560551852565
0.47123889803846897       2.490272633693918E-11    0.4712388980384689       2.5713535001011428E-11   0.4712388980384689
0.4886921905584123        3.3348327694445677E-11   0.4886921905584123       2.387223048213279E-11    0.4886921905584123
0.5061454830783556        4.4056593227620703E-11   0.5061454830783556       2.572426559887189E-11    0.5061454830783556
0.5235987755982988        3.830081581497658E-11    0.5235987755982988       3.139386055320098E-11    0.5235987755982988
0.5410520681182421        3.281642861053005E-11    0.5410520681182421       2.6704015499661018E-11   0.5410520681182421
0.5585053606381855        4.14598397000042E-11     0.5585053606381855       3.291315818521129E-11    0.5585053606381855
0.5759586531581288        5.414705941426744E-11    0.5759586531581288       3.565802485721617E-11    0.5759586531581288
0.5934119456780721        4.982220610960948E-11    0.5934119456780721       3.144133736889208E-11    0.5934119456780721
0.6108652381980153        4.2068150073941676E-11   0.6108652381980153       3.998068494261568E-11    0.6108652381980153
0.6283185307179586        4.7686977203757E-11      0.6283185307179586       3.9724263136079403E-11   0.6283185307179586
0.6457718232379019        6.333187204521732E-11    0.6457718232379019       3.698860764213821E-11    0.6457718232379019
0.6632251157578452        6.460618967771615E-11    0.6632251157578452       4.6650730646454344E-11   0.6632251157578452
0.6806784082777885        5.4698306760373274E-11   0.6806784082777885       4.471538939989664E-11    0.6806784082777885
0.6981317007977318        5.2975111255401613E-11   0.6981317007977318       4.234229092057659E-11    0.6981317007977318
0.715584993317675         6.745358346169415E-11    0.715584993317675        5.290585749359149E-11    0.715584993317675
0.7330382858376184        7.959048794946667E-11    0.7330382858376184       5.118239831784236E-11    0.7330382858376184
0.7504915783575616        7.390406209923972E-11    0.7504915783575616       4.6995393776653224E-11   0.7504915783575616
0.767944870877505         6.362667821205624E-11    0.767944870877505        5.822123730741798E-11    0.767944870877505
0.7853981633974483        6.617918029162625E-11    0.7853981633974483       5.952250642077909E-11    0.7853981633974483
0.8028514559173915        8.337036906114447E-11    0.8028514559173915       5.178136285526262E-11    0.8028514559173915
0.8203047484373349        9.458319057530946E-11    0.8203047484373349       6.108224991924332E-11    0.8203047484373349
0.8377580409572781        8.810966899819212E-11    0.8377580409572781       6.877773658608447E-11    0.8377580409572781
0.8552113334772214        7.627022790863682E-11    0.8552113334772216       6.006603401437091E-11    0.8552113334772216
0.8726646259971648        7.582233776258985E-11    0.8726646259971648       6.063756116750962E-11    0.8726646259971648
0.890117918517108         9.163163091594422E-11    0.890117918517108        7.413991343867599E-11    0.890117918517108
0.9075712110370514        1.0851784262576681E-10   0.9075712110370514       7.434714983281633E-11    0.9075712110370514
0.9250245035569946        1.0963533534772344E-10   0.9250245035569946       6.395119863325961E-11    0.9250245035569946
0.9424777960769379        9.738868993144653E-11    0.9424777960769379       6.99057754678086E-11     0.9424777960769379
0.9599310885968813        8.644368042736193E-11    0.9599310885968814       8.37936186827357E-11     0.9599310885968814
0.9773843811168246        8.950892208093398E-11    0.9773843811168246       8.199941560289836E-11    0.9773843811168246
0.9948376736367678        1.0709517937953571E-10   0.9948376736367677       7.036829481220203E-11    0.9948376736367677
1.0122909661567112        1.254655778692139E-10    1.0122909661567112       7.420887002090335E-11    1.0122909661567112
1.0297442586766543        1.3038761731077402E-10   1.0297442586766543       8.990125791545162E-11    1.0297442586766543
1.0471975511965976        1.2045794025164607E-10   1.0471975511965976       9.44111171381409E-11     1.0471975511965976
1.064650843716541         1.0527265979798436E-10   1.064650843716541        8.270658603046908E-11    1.064650843716541
1.0821041362364843        9.682655425753438E-11    1.0821041362364843       7.491190522197969E-11    1.0821041362364843
1.0995574287564276        1.0251250601994859E-10   1.0995574287564276       8.526077694249714E-11    1.0995574287564276
1.117010721276371         1.2063056305740718E-10   1.117010721276371        1.0161497452871111E-10   1.117010721276371
1.1344640137963142        1.413858584763518E-10    1.1344640137963142       1.0549096332889295E-10   1.1344640137963142
1.1519173063162575        1.5390754896367882E-10   1.1519173063162575       9.373633538215319E-11    1.1519173063162575
1.1693705988362006        1.5304871312407348E-10   1.1693705988362006       8.1020443530729E-11      1.1693705988362006
1.1868238913561442        1.4085749936554505E-10   1.1868238913561442       8.274137368880485E-11    1.1868238913561442
1.2042771838760873        1.2387869205909046E-10   1.2042771838760873       9.84084248412709E-11     1.2042771838760873
1.2217304763960306        1.0967076506240801E-10   1.2217304763960306       1.1504410718444779E-10   1.2217304763960306
1.239183768915974         1.0411044538075481E-10   1.239183768915974        1.2044018374157252E-10   1.239183768915974
1.2566370614359172        1.097150074679321E-10    1.2566370614359172       1.116269287182938E-10    1.2566370614359172
1.2740903539558606        1.2522781333844603E-10   1.2740903539558606       9.55208202622235E-11     1.2740903539558606
1.2915436464758039        1.4656785193040094E-10   1.2915436464758039       8.316002788013582E-11    1.2915436464758039
1.3089969389957472        1.6860015050960727E-10   1.3089969389957472       8.219452068107526E-11    1.3089969389957472
1.3264502315156903        1.8682416979875052E-10   1.3264502315156903       9.330639261767459E-11    1.3264502315156903
1.3439035240356338        1.983556856418212E-10    1.3439035240356338       1.1169465218211711E-10   1.3439035240356338
1.361356816555577         2.021180796664585E-10    1.361356816555577        1.306998395414056E-10    1.361356816555577
1.3788101090755203        1.9851145943364754E-10   1.3788101090755203       1.4478028419144578E-10   1.3788101090755203
1.3962634015954636        1.8888430019150092E-10   1.3962634015954636       1.509137879132599E-10    1.3962634015954636
1.413716694115407         1.7502658189040391E-10   1.413716694115407        1.4867124278160278E-10   1.413716694115407
1.43116998663535          1.5878143566966314E-10   1.43116998663535         1.3952041733388215E-10   1.43116998663535
1.4486232791552935        1.4179515084300881E-10   1.4486232791552935       1.2588239261312526E-10   1.4486232791552935
1.4660765716752369        1.2539054303947156E-10   1.4660765716752369       1.1030001530602211E-10   1.4660765716752369
1.4835298641951802        1.1053582561365893E-10   1.4835298641951802       9.489450910879041E-11    1.4835298641951802
1.5009831567151233        9.787714494177016E-11    1.5009831567151233       8.115508726631888E-11    1.5009831567151233
1.5184364492350666        8.780430852977403E-11    1.5184364492350666       6.998286327382352E-11    1.5184364492350666
1.53588974175501          8.052540210103458E-11    1.53588974175501         6.184295781162009E-11    1.53588974175501
1.5533430342749535        7.613469293920141E-11    1.5533430342749535       5.6926996251776674E-11   1.5533430342749535
1.5707963267948966        7.466570844088896E-11    1.5707963267948966       5.528953662425782E-11    1.5707963267948966
1.5882496193148399        7.612541002790944E-11    1.5882496193148399       5.693475425808747E-11    1.5882496193148399
1.605702911834783         8.050669709264236E-11    1.605702911834783        6.184796241571922E-11    1.605702911834783
1.6231562043547263        8.777731118247476E-11    1.6231562043547263       6.99769889125414E-11     1.6231562043547263
1.6406094968746698        9.784514085200385E-11    1.6406094968746698       8.114608774808101E-11    1.6406094968746698
1.6580627893946132        1.1050302646290587E-10   1.6580627893946132       9.489831994016866E-11    1.6580627893946132
1.6755160819145563        1.253595538966521E-10    1.6755160819145563       1.1031632577024004E-10   1.6755160819145563
1.6929693744344996        1.4176571721547568E-10   1.6929693744344996       1.258922272301455E-10    1.6929693744344996
1.710422666954443         1.5875196865034676E-10   1.710422666954443        1.3951481310515735E-10   1.710422666954443
1.7278759594743864        1.7499715982508633E-10   1.7278759594743864       1.4866308315151641E-10   1.7278759594743864
1.7453292519943295        1.8885847131400092E-10   1.7453292519943295       1.509114109874804E-10    1.7453292519943295
1.7627825445142729        1.9849551041757638E-10   1.7627825445142729       1.4477305765786195E-10   1.7627825445142729
1.780235837034216         2.0211866689602889E-10   1.780235837034216        1.3068169893234962E-10   1.780235837034216
1.7976891295541593        1.983773396764199E-10    1.7976891295541593       1.1167746168762975E-10   1.7976891295541593
1.8151424220741028        1.8686709285902394E-10   1.8151424220741028       9.330090366143162E-11    1.8151424220741028
1.8325957145940461        1.686583867989677E-10    1.8325957145940461       8.2199110378625E-11      1.8325957145940461
1.8500490071139892        1.4662916983560958E-10   1.8500490071139892       8.316913835018563E-11    1.8500490071139892
1.8675022996339325        1.2527662838453698E-10   1.8675022996339325       9.5530293255359E-11      1.8675022996339325
1.8849555921538759        1.097372536775779E-10    1.8849555921538759       1.1163525273957625E-10   1.8849555921538759
1.902408884673819         1.040980743253117E-10    1.902408884673819        1.204490991332337E-10    1.902408884673819
1.9198621771937625        1.0962499885187387E-10   1.9198621771937625       1.1505241279907298E-10   1.9198621771937625
1.9373154697137058        1.2381187870299404E-10   1.9373154697137058       9.841287047507861E-11    1.9373154697137058
1.9547687622336491        1.4079189303420078E-10   1.9547687622336491       8.274670403396545E-11    1.9547687622336491
1.9722220547535922        1.5300918559415875E-10   1.9722220547535922       8.103208663661679E-11    1.9722220547535922
1.9896753472735356        1.53908210353655E-10     1.9896753472735356       9.375071418155626E-11    1.9896753472735356
2.007128639793479         1.4141922830327906E-10   2.007128639793479        1.0549842989267162E-10   2.007128639793479
2.0245819323134224        1.2067091427266283E-10   2.0245819323134224       1.0161160942883928E-10   2.0245819323134224
2.0420352248333655        1.0253190901687816E-10   2.0420352248333655       8.52508693755147E-11     2.0420352248333655
2.0594885173533086        9.681124936347714E-11    2.0594885173533086       7.49058669034437E-11     2.0594885173533086
2.076941809873252         1.0523255010645425E-10   2.076941809873252        8.271087339630755E-11    2.076941809873252
2.0943951023931953        1.2042339543266916E-10   2.0943951023931953       9.44210713060471E-11     2.0943951023931953
2.111848394913139         1.3038850963299902E-10   2.111848394913139        8.990940456048368E-11    2.111848394913139
2.129301687433082         1.2550594679098095E-10   2.129301687433082        7.421521949743407E-11    2.129301687433082
2.1467549799530254        1.0714712067563574E-10   2.1467549799530254       7.037778797147112E-11    2.1467549799530254
2.1642082724729685        8.953446929275404E-11    2.1642082724729685       8.201333148002755E-11    2.1642082724729685
2.1816615649929116        8.642907740520097E-11    2.1816615649929116       8.380619952469235E-11    2.1816615649929116
2.199114857512855         9.735885506984101E-11    2.199114857512855        6.991239010093009E-11    2.199114857512855
2.2165681500327987        1.0963203974536951E-10   2.2165681500327987       6.396042030394454E-11    2.2165681500327987
2.234021442552742         1.0855745417625264E-10   2.234021442552742        7.436180894036858E-11    2.234021442552742
2.251474735072685         9.168290407731511E-11    2.251474735072685        7.414670360888748E-11    2.251474735072685
2.2689280275926285        7.583939358788747E-11    2.2689280275926285       6.064107493885139E-11    2.2689280275926285
2.286381320112572         7.624709174408973E-11    2.286381320112572        6.007658363986463E-11    2.286381320112572
2.303834612632515         8.808866217111471E-11    2.303834612632515        6.878543392583231E-11    2.303834612632515
2.321287905152458         9.460537617413336E-11    2.321287905152458        6.108277644934834E-11    2.321287905152458
2.3387411976724013        8.341999952541652E-11    2.3387411976724013       5.178544119197174E-11    2.3387411976724013
2.356194490192345         6.620192533851233E-11    2.356194490192345        5.952574818322382E-11    2.356194490192345
2.3736477827122884        6.360623804891211E-11    2.3736477827122884       5.821682420205463E-11    2.3736477827122884
2.3911010752322315        7.388534735035204E-11    2.3911010752322315       4.699225147417736E-11    2.3911010752322315
2.4085543677521746        7.96154429520064E-11     2.4085543677521746       5.1179719885307167E-11   2.4085543677521746
2.426007660272118         6.749558398226501E-11    2.426007660272118        5.2893148318133146E-11   2.426007660272118
2.443460952792061         5.297973561088946E-11    2.443460952792061        4.233256854447844E-11    2.443460952792061
2.4609142453120043        5.4671179076473454E-11   2.4609142453120043       4.471055499124625E-11    2.4609142453120043
2.478367537831948         6.460413211558528E-11    2.478367537831948        4.664514820126142E-11    2.478367537831948
2.4958208303518914        6.337095598582307E-11    2.4958208303518914       3.699272834348799E-11    2.4958208303518914
2.5132741228718345        4.771227996581225E-11    2.5132741228718345       3.9733540597168725E-11   2.5132741228718345
2.5307274153917776        4.205129906255244E-11    2.5307274153917776       3.997591772651096E-11    2.5307274153917776
2.548180707911721         4.980985448100487E-11    2.548180707911721        3.143678688594733E-11    2.548180707911721
2.5656340004316647        5.417164481379091E-11    2.5656340004316647       3.5658267488760374E-11   2.5656340004316647
2.5830872929516078        4.148133052963163E-11    2.5830872929516078       3.290499736798866E-11    2.5830872929516078
2.600540585471551         3.279988908051601E-11    2.600540585471551        2.6697097434156617E-11   2.600540585471551
2.6179938779914944        3.8286773939870364E-11   2.6179938779914944       3.139051559706863E-11    2.6179938779914944
2.6354471705114375        4.408075879217714E-11    2.6354471705114375       2.5721191238934718E-11   2.6354471705114375
2.6529004630313806        3.336244695408674E-11    2.6529004630313806       2.387772585029135E-11    2.6529004630313806
2.670353755551324         2.4869523396275377E-11   2.670353755551324        2.5719952400122915E-11   2.670353755551324
2.6878070480712677        2.9539447612394694E-11   2.6878070480712677       1.934377587129332E-11    2.6878070480712677
2.705260340591211         3.483875430031088E-11    2.705260340591211        2.210412919298756E-11    2.705260340591211
2.722713633111154         2.4221786651386678E-11   2.722713633111154        1.9089122764575302E-11   2.722713633111154
2.740166925631097         1.805377112558563E-11    2.740166925631097        1.571439440114075E-11    2.740166925631097
2.7576202181510405        2.294049559260931E-11    2.7576202181510405       1.8015803188192236E-11   2.7576202181510405
2.775073510670984         2.6362615077632135E-11   2.775073510670984        1.3069558502007073E-11   2.775073510670984
2.792526803190927         1.5255706866693363E-11   2.792526803190927        1.4890451874785647E-11   2.792526803190927
2.8099800957108703        1.2681424046089835E-11   2.8099800957108703       1.2319773808407252E-11   2.8099800957108703
2.827433388230814         1.8124618916366956E-11   2.827433388230814        9.890386610414228E-12    2.827433388230814
2.844886680750757         1.7722101775212172E-11   2.844886680750757        1.116336119808205E-11    2.844886680750757
2.8623399732707           8.219396520304685E-12    2.8623399732707          7.551295354800446E-12    2.8623399732707
2.8797932657906435        8.70301611326989E-12     2.8797932657906435       9.603443543225289E-12    2.8797932657906435
2.897246558310587         1.4664720004862366E-11   2.897246558310587        6.786401118001495E-12    2.897246558310587
2.9146998508305306        8.748760074940591E-12    2.9146998508305306       6.063665413425783E-12    2.9146998508305306
2.9321531433504737        4.5287256076147595E-12   2.9321531433504737       5.4405847897573765E-12   2.9321531433504737
2.949606435870417         6.207025562321421E-12    2.949606435870417        3.4055716870228438E-12   2.949606435870417
2.9670597283903604        1.0783849679497986E-11   2.9670597283903604       5.1729077338175595E-12   2.9670597283903604
2.9845130209103035        2.3844939885911764E-12   2.9845130209103035       3.2898750494628485E-12   2.9845130209103035
3.0019663134302466        2.7180950224306545E-12   3.0019663134302466       4.3617737119330025E-12   3.0019663134302466
3.01941960595019          6.675046667243621E-12    3.01941960595019         2.36565630583135E-12     3.01941960595019
3.036872898470133         4.338594164176279E-12    3.036872898470133        1.5076325702714473E-12   3.036872898470133
3.0543261909900763        3.3028917288133677E-12   3.0543261909900763       1.1537806967233594E-12   3.0543261909900763
3.07177948351002          6.9931826754505E-13      3.07177948351002         1.1531379106761834E-12   3.07177948351002
3.0892327760299634        1.140868063139101E-11    3.0892327760299634       4.059601074859577E-12    3.0892327760299634
3.106686068549907         5.056842847110459E-13    3.106686068549907        6.3682904655783466E-12   3.106686068549907
3.12413936106985          2.416245857114327E-11    3.12413936106985         1.1176353962224128E-11   3.12413936106985
3.141592653589793         2.8777412206934148E-39   3.141592653589793        4.968714572184755E-39    3.141592653589793
3.159045946109736         2.4162458571143237E-11   3.1241393610698505       1.1176353962224714E-11   3.1241393610698505
3.1764992386296798        5.056842847109574E-13    3.106686068549907        6.3682904655783345E-12   3.106686068549907
3.193952531149623         1.1408680631391062E-11   3.089232776029964        4.059601074859416E-12    3.089232776029964
3.211405823669566         6.993182675450448E-13    3.0717794835100207       1.1531379106758964E-12   3.0717794835100207
3.2288591161895095        3.302891728813557E-12    3.054326190990077        1.153780696723161E-12    3.054326190990077
3.2463124087094526        4.338594164175812E-12    3.036872898470134        1.5076325702715858E-12   3.036872898470134
3.2637657012293966        6.6750466672434765E-12   3.01941960595019         2.365656305831317E-12    3.01941960595019
3.2812189937493397        2.7180950224307102E-12   3.001966313430247        4.361773711933087E-12    3.001966313430247
3.2986722862692828        2.3844939885911E-12      2.984513020910304        3.2898750494628226E-12   2.984513020910304
3.3161255787892263        1.0783849679498142E-11   2.9670597283903604       5.1729077338176184E-12   2.9670597283903604
3.3335788713091694        6.207025562321436E-12    2.9496064358704173       3.4055716870228668E-12   2.9496064358704173
3.3510321638291125        4.528725607614725E-12    2.932153143350474        5.440584789757323E-12    2.932153143350474
3.368485456349056         8.748760074940653E-12    2.9146998508305306       6.063665413425677E-12    2.9146998508305306
3.385938748868999         1.4664720004862418E-11   2.8972465583105875       6.7864011180014034E-12   2.8972465583105875
3.4033920413889422        8.703016113270026E-12    2.8797932657906444       9.603443543225288E-12    2.8797932657906444
3.420845333908886         8.21939652030443E-12     2.862339973270701        7.551295354800302E-12    2.862339973270701
3.438298626428829         1.772210177521171E-11    2.8448866807507573       1.1163361198082067E-11   2.8448866807507573
3.455751918948773         1.812461891636686E-11    2.827433388230814        9.890386610414234E-12    2.827433388230814
3.473205211468716         1.2681424046089741E-11   2.8099800957108707       1.2319773808407139E-11   2.8099800957108707
3.490658503988659         1.5255706866693215E-11   2.7925268031909276       1.489045187478571E-11    2.7925268031909276
3.5081117965086026        2.636261507763211E-11    2.775073510670984        1.3069558502007159E-11   2.775073510670984
3.5255650890285457        2.2940495592609357E-11   2.757620218151041        1.801580318819237E-11    2.757620218151041
3.543018381548489         1.8053771125585576E-11   2.7401669256310974       1.5714394401140847E-11   2.7401669256310974
3.560471674068432         2.4221786651386074E-11   2.7227136331111548       1.9089122764574956E-11   2.7227136331111548
3.5779249665883754        3.48387543003106E-11     2.7052603405912112       2.210412919298766E-11    2.7052603405912112
3.5953782591083185        2.9539447612394713E-11   2.687807048071268        1.934377587129322E-11    2.687807048071268
3.6128315516282616        2.4869523396275438E-11   2.670353755551325        2.571995240012273E-11    2.670353755551325
3.6302848441482056        3.3362446954086454E-11   2.652900463031381        2.387772585029144E-11    2.652900463031381
3.6477381366681487        4.4080758792176736E-11   2.635447170511438        2.5721191238934124E-11   2.635447170511438
3.6651914291880923        3.828677393987041E-11    2.6179938779914944       3.1390515597068525E-11   2.6179938779914944
3.6826447217080354        3.279988908051599E-11    2.6005405854715513       2.669709743415669E-11    2.6005405854715513
3.7000980142279785        4.148133052963137E-11    2.5830872929516078       3.2904997367988886E-11   2.5830872929516078
3.717551306747922         5.417164481379066E-11    2.5656340004316647       3.5658267488760297E-11   2.5656340004316647
3.735004599267865         4.9809854481005106E-11   2.548180707911721        3.143678688594727E-11    2.548180707911721
3.752457891787808         4.205129906255247E-11    2.530727415391778        3.9975917726510686E-11   2.530727415391778
3.7699111843077517        4.771227996581192E-11    2.5132741228718345       3.97335405971688E-11     2.5132741228718345
3.787364476827695         6.337095598582285E-11    2.4958208303518914       3.699272834348811E-11    2.4958208303518914
3.804817769347638         6.460413211558569E-11    2.4783675378319483       4.664514820126129E-11    2.4783675378319483
3.822271061867582         5.467117907647335E-11    2.4609142453120043       4.47105549912467E-11     2.4609142453120043
3.839724354387525         5.2979735610889636E-11   2.4434609527920617       4.2332568544478416E-11   2.4434609527920617
3.8571776469074686        6.749558398226506E-11    2.426007660272118        5.289314831813328E-11    2.426007660272118
3.8746309394274117        7.96154429520062E-11     2.408554367752175        5.1179719885307406E-11   2.408554367752175
3.8920842319473548        7.388534735035215E-11    2.3911010752322315       4.699225147417759E-11    2.3911010752322315
3.9095375244672983        6.360623804891195E-11    2.3736477827122884       5.821682420205476E-11    2.3736477827122884
3.9269908169872414        6.62019253385123E-11     2.3561944901923453       5.952574818322385E-11    2.3561944901923453
3.9444441095071845        8.341999952541539E-11    2.338741197672402        5.178544119197178E-11    2.338741197672402
3.9618974020271276        9.460537617413336E-11    2.321287905152459        6.108277644934782E-11    2.321287905152459
3.979350694547071         8.808866217111514E-11    2.3038346126325155       6.878543392583213E-11    2.3038346126325155
3.9968039870670142        7.624709174408977E-11    2.2863813201125724       6.007658363986458E-11    2.2863813201125724
4.014257279586958         7.583939358788725E-11    2.2689280275926285       6.064107493885141E-11    2.2689280275926285
4.031710572106902         9.168290407731525E-11    2.2514747350726845       7.414670360888739E-11    2.2514747350726845
4.049163864626845         1.0855745417625285E-10   2.2340214425527414       7.436180894036847E-11    2.2340214425527414
4.066617157146788         1.0963203974536954E-10   2.2165681500327987       6.396042030394452E-11    2.2165681500327987
4.084070449666731         9.735885506984089E-11    2.1991148575128556       6.99123901009299E-11     2.1991148575128556
4.101523742186674         8.642907740520098E-11    2.1816615649929125       8.380619952469213E-11    2.1816615649929125
4.118977034706617         8.953446929275317E-11    2.164208272472969        8.201333148002789E-11    2.164208272472969
4.136430327226561         1.0714712067563574E-10   2.146754979953025        7.037778797147085E-11    2.146754979953025
4.153883619746504         1.2550594679098137E-10   2.1293016874330823       7.421521949743415E-11    2.1293016874330823
4.171336912266447         1.3038850963299925E-10   2.111848394913139        8.990940456048358E-11    2.111848394913139
4.1887902047863905        1.204233954326701E-10    2.094395102393196        9.442107130604689E-11    2.094395102393196
4.2062434973063345        1.0523255010645403E-10   2.076941809873252        8.271087339630713E-11    2.076941809873252
4.223696789826278         9.681124936347724E-11    2.059488517353309        7.490586690344354E-11    2.059488517353309
4.241150082346221         1.0253190901687767E-10   2.042035224833366        8.525086937551469E-11    2.042035224833366
4.258603374866164         1.206709142726624E-10    2.024581932313423        1.0161160942883904E-10   2.024581932313423
4.276056667386107         1.4141922830327802E-10   2.0071286397934798       1.0549842989267172E-10   2.0071286397934798
4.293509959906051         1.53908210353655E-10     1.9896753472735356       9.375071418155626E-11    1.9896753472735356
4.310963252425994         1.5300918559415862E-10   1.9722220547535925       8.103208663661697E-11    1.9722220547535925
4.328416544945937         1.4079189303420044E-10   1.9547687622336494       8.274670403396491E-11    1.9547687622336494
4.34586983746588          1.2381187870299402E-10   1.9373154697137063       9.841287047507796E-11    1.9373154697137063
4.363323129985823         1.0962499885187391E-10   1.9198621771937632       1.1505241279907255E-10   1.9198621771937632
4.380776422505767         1.0409807432531165E-10   1.9024088846738192       1.204490991332338E-10    1.9024088846738192
4.39822971502571          1.0973725367757751E-10   1.884955592153876        1.1163525273957627E-10   1.884955592153876
4.4156830075456535        1.2527662838453626E-10   1.867502299633933        9.553029325535894E-11    1.867502299633933
4.4331363000655974        1.4662916983560963E-10   1.850049007113989        8.316913835018505E-11    1.850049007113989
4.4505895925855405        1.686583867989681E-10    1.832595714594046        8.219911037862516E-11    1.832595714594046
4.468042885105484         1.8686709285902394E-10   1.8151424220741028       9.330090366143162E-11    1.8151424220741028
4.485496177625427         1.9837733967641964E-10   1.7976891295541597       1.1167746168762891E-10   1.7976891295541597
4.50294947014537          2.0211866689602896E-10   1.7802358370342166       1.3068169893234858E-10   1.7802358370342166
4.520402762665313         1.9849551041757664E-10   1.7627825445142735       1.447730576578612E-10    1.7627825445142735
4.537856055185257         1.8885847131400087E-10   1.7453292519943295       1.509114109874804E-10    1.7453292519943295
4.5553093477052           1.7499715982508633E-10   1.7278759594743864       1.4866308315151641E-10   1.7278759594743864
4.572762640225144         1.587519686503464E-10    1.7104226669544424       1.3951481310515704E-10   1.7104226669544424
4.590215932745087         1.417657172154754E-10    1.6929693744344994       1.2589222723014532E-10   1.6929693744344994
4.60766922526503          1.253595538966521E-10    1.6755160819145563       1.1031632577024009E-10   1.6755160819145563
4.625122517784973         1.1050302646290587E-10   1.6580627893946132       9.489831994016866E-11    1.6580627893946132
4.642575810304916         9.78451408520042E-11     1.64060949687467         8.114608774808109E-11    1.64060949687467
4.6600291028248595        8.777731118247493E-11    1.623156204354727        6.997698891254186E-11    1.623156204354727
4.677482395344803         8.050669709264246E-11    1.6057029118347839       6.184796241571952E-11    1.6057029118347839
4.694935687864747         7.612541002790954E-11    1.5882496193148399       5.6934754258087494E-11   1.5882496193148399
4.71238898038469          7.466570844088901E-11    1.5707963267948968       5.52895366242578E-11     1.5707963267948968
4.729842272904633         7.613469293920141E-11    1.5533430342749537       5.692699625177652E-11    1.5533430342749537
4.747295565424577         8.05254021010346E-11     1.5358897417550097       6.184295781162013E-11    1.5358897417550097
4.76474885794452          8.780430852977395E-11    1.5184364492350666       6.998286327382335E-11    1.5184364492350666
4.782202150464463         9.787714494177E-11       1.5009831567151235       8.115508726631878E-11    1.5009831567151235
4.799655442984406         1.1053582561365901E-10   1.4835298641951804       9.48945091087897E-11     1.4835298641951804
4.817108735504349         1.2539054303947123E-10   1.4660765716752373       1.1030001530602176E-10   1.4660765716752373
4.834562028024293         1.417951508430089E-10    1.4486232791552933       1.2588239261312568E-10   1.4486232791552933
4.852015320544236         1.587814356696634E-10    1.4311699866353502       1.3952041733388207E-10   1.4311699866353502
4.869468613064179         1.7502658189040376E-10   1.4137166941154071       1.486712427816023E-10    1.4137166941154071
4.886921905584122         1.8888430019150074E-10   1.396263401595464        1.5091378791325992E-10   1.396263401595464
4.9043751981040655        1.9851145943364738E-10   1.378810109075521        1.4478028419144692E-10   1.378810109075521
4.921828490624009         2.0211807966645898E-10   1.3613568165555778       1.3069983954140622E-10   1.3613568165555778
4.939281783143953         1.983556856418212E-10    1.3439035240356338       1.1169465218211711E-10   1.3439035240356338
4.956735075663896         1.86824169798751E-10     1.3264502315156907       9.330639261767457E-11    1.3264502315156907
4.97418836818384          1.6860015050960696E-10   1.3089969389957468       8.219452068107564E-11    1.3089969389957468
4.991641660703783         1.465678519304005E-10    1.2915436464758037       8.316002788013594E-11    1.2915436464758037
5.009094953223726         1.2522781333844634E-10   1.2740903539558606       9.552082026222314E-11    1.2740903539558606
5.026548245743669         1.097150074679326E-10    1.2566370614359175       1.116269287182938E-10    1.2566370614359175
5.044001538263612         1.0411044538075446E-10   1.2391837689159744       1.2044018374157224E-10   1.2391837689159744
5.061454830783555         1.0967076506240764E-10   1.2217304763960313       1.1504410718444881E-10   1.2217304763960313
5.078908123303498         1.2387869205908945E-10   1.2042771838760882       9.840842484127198E-11    1.2042771838760882
5.096361415823442         1.4085749936554505E-10   1.1868238913561442       8.274137368880485E-11    1.1868238913561442
5.113814708343385         1.5304871312407314E-10   1.169370598836201        8.102044353072876E-11    1.169370598836201
5.131268000863329         1.539075489636785E-10    1.151917306316257        9.373633538215278E-11    1.151917306316257
5.1487212933832724        1.4138585847635097E-10   1.134464013796314        1.0549096332889225E-10   1.134464013796314
5.1661745859032155        1.2063056305740718E-10   1.117010721276371        1.0161497452871124E-10   1.117010721276371
5.183627878423159         1.0251250601994863E-10   1.0995574287564278       8.526077694249717E-11    1.0995574287564278
5.201081170943102         9.682655425753447E-11    1.0821041362364847       7.491190522197918E-11    1.0821041362364847
5.218534463463045         1.0527265979798355E-10   1.0646508437165416       8.270658603046877E-11    1.0646508437165416
5.235987755982989         1.2045794025164607E-10   1.0471975511965976       9.44111171381409E-11     1.0471975511965976
5.253441048502932         1.303876173107741E-10    1.0297442586766545       8.990125791545186E-11    1.0297442586766545
5.270894341022875         1.254655778692141E-10    1.0122909661567114       7.42088700209034E-11     1.0122909661567114
5.288347633542818         1.0709517937953683E-10   0.9948376736367683       7.036829481220169E-11    0.9948376736367683
5.305800926062761         8.950892208093416E-11    0.9773843811168252       8.199941560289782E-11    0.9773843811168252
5.323254218582705         8.644368042736193E-11    0.9599310885968814       8.37936186827357E-11     0.9599310885968814
5.340707511102648         9.738868993144612E-11    0.9424777960769383       6.990577546780873E-11    0.9424777960769383
5.358160803622591         1.0963533534772287E-10   0.9250245035569951       6.395119863325974E-11    0.9250245035569951
5.375614096142535         1.0851784262576628E-10   0.9075712110370511       7.434714983281642E-11    0.9075712110370511
5.3930673886624785        9.163163091594422E-11    0.890117918517108        7.413991343867599E-11    0.890117918517108
5.410520681182422         7.582233776258975E-11    0.8726646259971649       6.063756116750991E-11    0.8726646259971649
5.427973973702365         7.627022790863722E-11    0.8552113334772218       6.006603401437055E-11    0.8552113334772218
5.445427266222308         8.810966899819182E-11    0.8377580409572788       6.877773658608435E-11    0.8377580409572788
5.462880558742251         9.458319057530968E-11    0.8203047484373357       6.108224991924425E-11    0.8203047484373357
5.480333851262194         8.337036906114567E-11    0.8028514559173925       5.178136285526263E-11    0.8028514559173925
5.497787143782138         6.61791802916264E-11     0.7853981633974485       5.952250642077901E-11    0.7853981633974485
5.515240436302081         6.362667821205625E-11    0.7679448708775054       5.822123730741851E-11    0.7679448708775054
5.532693728822025         7.390406209924009E-11    0.7504915783575614       4.6995393776653095E-11   0.7504915783575614
5.550147021341968         7.959048794946661E-11    0.7330382858376183       5.118239831784251E-11    0.7330382858376183
5.567600313861911         6.745358346169435E-11    0.7155849933176752       5.290585749359138E-11    0.7155849933176752
5.585053606381854         5.29751112554016E-11     0.6981317007977322       4.234229092057679E-11    0.6981317007977322
5.602506898901797         5.4698306760373183E-11   0.680678408277789        4.471538939989649E-11    0.680678408277789
5.6199601914217405        6.460618967771581E-11    0.6632251157578459       4.665073064645465E-11    0.6632251157578459
5.6374134839416845        6.333187204521732E-11    0.6457718232379019       3.698860764213821E-11    0.6457718232379019
5.654866776461628         4.768697720375726E-11    0.6283185307179588       3.972426313607921E-11    0.6283185307179588
5.672320068981571         4.206815007394165E-11    0.6108652381980157       3.998068494261587E-11    0.6108652381980157
5.689773361501514         4.982220610960926E-11    0.5934119456780726       3.1441337368892154E-11   0.5934119456780726
5.707226654021458         5.414705941426761E-11    0.5759586531581287       3.56580248572161E-11     0.5759586531581287
5.7246799465414           4.145983970000522E-11    0.5585053606381865       3.2913158185211924E-11   0.5585053606381865
5.742133239061344         3.2816428610530096E-11   0.5410520681182425       2.6704015499660895E-11   0.5410520681182425
5.759586531581287         3.830081581497634E-11    0.5235987755982994       3.139386055320067E-11    0.5235987755982994
5.777039824101231         4.405659322762085E-11    0.5061454830783554       2.572426559887195E-11    0.5061454830783554
5.794493116621174         3.3348327694445677E-11   0.4886921905584123       2.387223048213279E-11    0.4886921905584123
5.811946409141117         2.4902726336939246E-11   0.4712388980384692       2.5713535001011405E-11   0.4712388980384692
5.829399701661061         2.957221043660654E-11    0.45378560551852526      1.934135267855221E-11    0.45378560551852526
5.8468529941810035        3.4824753868374265E-11   0.436332312998583        2.2104722037139125E-11   0.436332312998583
5.8643062867009474        2.42076607426111E-11     0.418879020478639        1.9100206749140852E-11   0.418879020478639
5.88175957922089          1.8074657546623598E-11   0.40142572795869685      1.572382095100486E-11    0.40142572795869685
5.899212871740834         2.2951553267286768E-11   0.3839724354387528       1.802706265334233E-11    0.3839724354387528
5.916666164260777         2.6341972696110372E-11   0.36651914291880977      1.3077487533754923E-11   0.36651914291880977
5.934119456780721         1.5252151922161093E-11   0.3490658503988658       1.489187855654988E-11    0.3490658503988658
5.951572749300663         1.2704448673689296E-11   0.3316125578789235       1.2322028095805468E-11   0.3316125578789235
5.969026041820607         1.8129717842195687E-11   0.3141592653589796       9.884257714017656E-12    0.3141592653589796
5.986479334340551         1.770992489459088E-11    0.29670597283903555      1.1159626257557486E-11   0.29670597283903555
6.003932626860493         8.230249165168024E-12    0.27925268031909334      7.558218360340622E-12    0.27925268031909334
6.021385919380437         8.719139182061896E-12    0.26179938779914935      9.608661260148352E-12    0.26179938779914935
6.03883921190038          1.4651382012089134E-11   0.24434609527920628      6.788327810985206E-12    0.24434609527920628
6.056292504420323         8.74114944211862E-12     0.22689280275926318      6.059696719032972E-12    0.22689280275926318
6.073745796940266         4.545053140165901E-12    0.2094395102393201       5.441888594080211E-12    0.2094395102393201
6.09119908946021          6.2096827718273995E-12   0.1919862177193761       3.4078533430053775E-12   0.1919862177193761
6.108652381980153         1.0762227646362204E-11   0.1745329251994339       5.171353268179475E-12    0.1745329251994339
6.126105674500097         2.383753227523742E-12    0.15707963267948988      3.28835194699827E-12     0.15707963267948988
6.14355896702004          2.7284689454931563E-12   0.1396263401595468       4.356256692413001E-12    0.1396263401595468
6.161012259539983         6.671902377178504E-12    0.12217304763960371      2.3668041634935727E-12   0.12217304763960371
6.178465552059927         4.337812659064176E-12    0.10471975511965972      1.510398941617136E-12    0.10471975511965972
6.19591884457987          3.30762605125266E-12     0.08726646259971663      1.153627577609946E-12    0.08726646259971663
6.213372137099814         6.989778253849511E-13    0.06981317007977264      1.1528381334714324E-12   0.06981317007977264
6.230825429619756         1.1385193288679E-11      0.052359877559830424     4.058125662112152E-12    0.052359877559830424
6.2482787221397           5.087061911612875E-13    0.034906585039886445     6.364999613875431E-12    0.034906585039886445
6.265732014659642         2.4176107007291858E-11   0.017453292519944232     1.1182940735868159E-11   0.017453292519944232
6.283185307179586         1.1514624976817067E-38   2.4492935982947064E-16   1.98789370564475E-38     2.4492935982947064E-16
