% Model:              Denominators_sphereDipole.mph
% Version:            COMSOL 6.2.0.290
% Date:               Nov 9 2025, 16:42
% Dimension:          1
% Nodes:              361
% Expressions:        10
% Description:        Radiation pattern
% theta                   (emw.normEfar^2+emw.normEfar2^2) Elevation angle          (emw.normEfar^2+emw.normEfar2^2) Elevation angle          (emw.normEfar^2+emw.normEfar2^2) Elevation angle          (emw.normEfar^2+emw.normEfar2^2) Elevation angle          (emw.normEfar^2+emw.normEfar2^2) Elevation angle
0                         0                        0                        0                        0                        0                        0                        0                        0                        0                        0
0.017453292519943295      1.0826701014010084E-12   0.017453292519943295     9.527768548128229E-13    0.017453292519943295     6.176601240175064E-13    0.017453292519943295     2.5859665063394797E-13   0.017453292519943295     3.836050076846275E-14    0.017453292519943295
0.03490658503988659       2.2771231127103733E-14   0.03490658503988659      1.8577063069914945E-13   0.03490658503988659      3.516780696574784E-13    0.03490658503988659      1.0773938097236133E-13   0.03490658503988659      2.2338420456547424E-14   0.03490658503988659
0.05235987755982988       5.097222576158782E-13    0.05235987755982988      5.596775143621925E-14    0.05235987755982988      2.2401776008484497E-13   0.05235987755982988      1.473373454497354E-13    0.05235987755982988      2.6384450787201348E-14   0.05235987755982988
0.06981317007977318       3.1117435659790247E-14   0.06981317007977318      1.9755994910747728E-13   0.06981317007977318      6.346239673302642E-14    0.06981317007977318      5.506129163494341E-14    0.06981317007977318      1.8354020823472046E-13   0.06981317007977318
0.08726646259971647       1.478588744898741E-13    0.08726646259971647      2.096481426999137E-13    0.08726646259971647      6.310402244109314E-14    0.08726646259971647      1.5475326124690603E-13   0.08726646259971647      4.915726088344332E-14    0.08726646259971647
0.10471975511965977       1.937881561295612E-13    0.10471975511965977      8.382711717676936E-14    0.10471975511965977      8.277152841397514E-14    0.10471975511965977      5.945652225509831E-14    0.10471975511965977      2.2664068227287054E-13   0.10471975511965977
0.12217304763960307       2.9788183977106485E-13   0.12217304763960307      1.20516730508841E-13     0.12217304763960307      1.295863585017352E-13    0.12217304763960307      1.9420090206843465E-13   0.12217304763960307      4.299420126347657E-14    0.12217304763960307
0.13962634015954636       1.2142412278744146E-13   0.13962634015954636      2.8113534438738743E-13   0.13962634015954636      2.3897959447784626E-13   0.13962634015954636      8.884319669139042E-14    0.13962634015954636      1.6218160568250075E-13   0.13962634015954636
0.15707963267948966       1.0591167514868907E-13   0.15707963267948966      1.820917424651333E-13    0.15707963267948966      1.8000771392413546E-13   0.15707963267948966      2.560503100021331E-13    0.15707963267948966      1.3472699317188247E-13   0.15707963267948966
0.17453292519943295       4.806018505787137E-13    0.17453292519943295      1.6148884960913095E-13   0.17453292519943295      2.831381331593594E-13    0.17453292519943295      1.3507959597096554E-13   0.17453292519943295      1.227395521950723E-13    0.17453292519943295
0.19198621771937624       2.7657569351805885E-13   0.19198621771937624      3.788723098991104E-13    0.19198621771937624      1.8583954144808167E-13   0.19198621771937624      3.3775385038616743E-13   0.19198621771937624      3.162407723298726E-13    0.19198621771937624
0.20943951023931953       2.021243603888161E-13    0.2094395102393195       3.0733248823584863E-13   0.2094395102393195       2.974522385763441E-13    0.2094395102393195       1.9397267265269892E-13   0.2094395102393195       1.421318498402746E-13    0.2094395102393195
0.22689280275926285       3.896715258558022E-13    0.22689280275926285      2.740862202706902E-13    0.22689280275926285      3.312327117633682E-13    0.22689280275926285      4.374799888850424E-13    0.22689280275926285      4.617975987051322E-13    0.22689280275926285
0.24434609527920614       6.534938179750196E-13    0.24434609527920614      5.118125343310085E-13    0.24434609527920614      3.7067538468251853E-13   0.24434609527920614      2.6320720802347003E-13   0.24434609527920614      2.082643817745025E-13    0.24434609527920614
0.2617993877991494        3.877529823307484E-13    0.2617993877991494       4.5118422324424904E-13   0.2617993877991494       5.256733233789289E-13    0.2617993877991494       5.535583396530389E-13    0.2617993877991494       5.161951932910678E-13    0.2617993877991494
0.2792526803190927        3.660177313160177E-13    0.2792526803190927       4.3381980260494245E-13   0.2792526803190927       4.1241114667197736E-13   0.2792526803190927       3.4163653455886706E-13   0.2792526803190927       3.340433247307217E-13    0.2792526803190927
0.29670597283903605       7.897576932684029E-13    0.2967059728390361       6.866107165834085E-13    0.2967059728390361       6.098550477429479E-13    0.2967059728390361       6.804959814128745E-13    0.2967059728390361       5.23734290766514E-13     0.2967059728390361
0.3141592653589793        8.075869431458793E-13    0.3141592653589793       6.197267196947338E-13    0.3141592653589793       5.395244502719888E-13    0.3141592653589793       4.311514013115062E-13    0.3141592653589793       5.198026256225405E-13    0.3141592653589793
0.3316125578789226        5.647058840462509E-13    0.3316125578789226       6.217647646114491E-13    0.3316125578789226       6.729987620523866E-13    0.3316125578789226       8.082997192437455E-13    0.3316125578789226       5.387712232968837E-13    0.3316125578789226
0.3490658503988659        6.786484223032876E-13    0.3490658503988659       9.002319840557804E-13    0.3490658503988659       8.140511620406382E-13    0.3490658503988659       5.380171906701899E-13    0.3490658503988659       7.331051801353658E-13    0.3490658503988659
0.3665191429188092        1.1741554706555712E-12   0.3665191429188092       8.200928458724835E-13    0.3665191429188092       7.136841968320733E-13    0.3665191429188092       9.245192838026644E-13    0.3665191429188092       5.877798750001371E-13    0.3665191429188092
0.3839724354387525        1.0217774762987399E-12   0.3839724354387525       8.251270980300936E-13    0.3839724354387525       9.852470308953733E-13    0.3839724354387525       6.773433779485506E-13    0.3839724354387525       9.383566270802148E-13    0.3839724354387525
0.40142572795869574       8.037684304488002E-13    0.40142572795869574      1.14852654329066E-12     0.40142572795869574      8.581208707007454E-13    0.40142572795869574      1.0168785388679455E-12   0.40142572795869574      6.720343814291923E-13    0.40142572795869574
0.41887902047863906       1.0780436640540193E-12   0.41887902047863906      1.06121619514372E-12     0.41887902047863906      1.0427725345403886E-12   0.41887902047863906      8.726979832639023E-13    0.41887902047863906      1.1225769201418017E-12   0.41887902047863906
0.4363323129985824        1.5519954723285258E-12   0.4363323129985824       1.0353408313340485E-12   0.4363323129985824       1.2078589356846627E-12   0.4363323129985824       1.0808958998928644E-12   0.4363323129985824       7.860367243552859E-13    0.4363323129985824
0.4537856055185257        1.316254119052542E-12    0.45378560551852565      1.4201243486710834E-12   0.45378560551852565      1.0552279763726507E-12   0.45378560551852565      1.1385819582414996E-12   0.45378560551852565      1.2923001521205302E-12   0.45378560551852565
0.47123889803846897       1.1077054125026012E-12   0.4712388980384689       1.3524913863717689E-12   0.4712388980384689       1.4046062286551248E-12   0.4712388980384689       1.1264210661166634E-12   0.4712388980384689       9.204284605851703E-13    0.4712388980384689
0.4886921905584123        1.4855202475148165E-12   0.4886921905584123       1.2538313625882507E-12   0.4886921905584123       1.3030455414743922E-12   0.4886921905584123       1.4475944287456968E-12   0.4886921905584123       1.4591578948133068E-12   0.4886921905584123
0.5061454830783556        1.9636478973079904E-12   0.5061454830783556       1.6878848433794E-12      0.5061454830783556       1.4039012897981958E-12   0.5061454830783556       1.1852101300651143E-12   0.5061454830783556       1.065147384867948E-12    0.5061454830783556
0.5235987755982988        1.705530821087564E-12    0.5235987755982988       1.7026214823480917E-12   0.5235987755982988       1.7152550397195767E-12   0.5235987755982988       1.7029020656122702E-12   0.5235987755982988       1.6318448715215672E-12   0.5235987755982988
0.5410520681182421        1.4606118191165103E-12   0.5410520681182421       1.5055064708209574E-12   0.5410520681182421       1.4570950216017715E-12   0.5410520681182421       1.3289718669516726E-12   0.5410520681182421       1.2164044168815156E-12   0.5410520681182421
0.5585053606381855        1.8472896254119534E-12   0.5585053606381855       1.9034319088324997E-12   0.5585053606381855       1.797494830645063E-12    0.5585053606381855       1.8018425516805303E-12   0.5585053606381855       1.80983829548959E-12     0.5585053606381855
0.5759586531581288        2.413795845854028E-12    0.5759586531581288       2.1087487679923766E-12   0.5759586531581288       1.948308627228115E-12    0.5759586531581288       1.6587574247476245E-12   0.5759586531581288       1.3807239264011402E-12   0.5759586531581288
0.5934119456780721        2.2195081907965598E-12   0.5934119456780721       1.8509590980449666E-12   0.5934119456780721       1.715938607393312E-12    0.5934119456780721       1.7621265775362546E-12   0.5934119456780721       1.977334159028762E-12    0.5934119456780721
0.6108652381980153        1.8731682638932694E-12   0.6108652381980153       2.029097264863679E-12    0.6108652381980153       2.1845325996273023E-12   0.6108652381980153       2.120163663409568E-12    0.6108652381980153       1.575627732286913E-12    0.6108652381980153
0.6283185307179586        2.1249727553886543E-12   0.6283185307179586       2.5037893505744145E-12   0.6283185307179586       2.170448484416293E-12    0.6283185307179586       1.7540687202187166E-12   0.6283185307179586       2.101665089088343E-12    0.6283185307179586
0.6457718232379019        2.824083685255046E-12    0.6457718232379019       2.345047478041316E-12    0.6457718232379019       2.01937346298999E-12     0.6457718232379019       2.3753314945659236E-12   0.6457718232379019       1.8374747062826077E-12   0.6457718232379019
0.6632251157578452        2.8799368423332298E-12   0.6632251157578452       2.1627884951027057E-12   0.6632251157578452       2.5497758339355867E-12   0.6632251157578452       2.0564317637080126E-12   0.6632251157578452       2.1496072706665658E-12   0.6632251157578452
0.6806784082777885        2.4368494863747845E-12   0.6806784082777885       2.709258555582231E-12    0.6806784082777885       2.443492657941874E-12    0.6806784082777885       2.2656053631071294E-12   0.6806784082777885       2.1976398398888744E-12   0.6806784082777885
0.6981317007977318        2.3606821587214386E-12   0.6981317007977318       2.93595550732833E-12     0.6981317007977318       2.3125677027483068E-12   0.6981317007977318       2.654140702303886E-12    0.6981317007977318       2.128930624556881E-12    0.6981317007977318
0.715584993317675         3.0084320486870963E-12   0.715584993317675        2.584761365565424E-12    0.715584993317675        2.8929715485726603E-12   0.715584993317675        2.194405127405713E-12    0.715584993317675        2.615371793235854E-12    0.715584993317675
0.7330382858376184        3.5503063674997114E-12   0.7330382858376184       2.655475338926648E-12    0.7330382858376184       2.7984062243190064E-12   0.7330382858376184       2.834410382206833E-12    0.7330382858376184       2.1455005313980667E-12   0.7330382858376184
0.7504915783575616        3.295191473973122E-12    0.7504915783575616       3.3038596318962454E-12   0.7504915783575616       2.5676587904192784E-12   0.7504915783575616       2.7309129097722417E-12   0.7504915783575616       2.8927374319134804E-12   0.7504915783575616
0.767944870877505         2.8360983288563486E-12   0.767944870877505        3.3470615537398182E-12   0.767944870877505        3.184670575636273E-12    0.767944870877505        2.5447117639748236E-12   0.767944870877505        2.4021581424366402E-12   0.767944870877505
0.7853981633974483        2.9513001399122156E-12   0.7853981633974483       2.9234565932485666E-12   0.7853981633974483       3.2568212145544034E-12   0.7853981633974483       3.270380508129889E-12    0.7853981633974483       2.8184223112855435E-12   0.7853981633974483
0.8028514559173915        3.7203368995578745E-12   0.8028514559173915       3.1131333547488948E-12   0.8028514559173915       2.831019979553949E-12    0.8028514559173915       2.8654282729263176E-12   0.8028514559173915       2.988371108691281E-12    0.8028514559173915
0.8203047484373349        4.220873990544773E-12    0.8203047484373349       3.8138537175476254E-12   0.8203047484373349       3.3423018271977998E-12   0.8203047484373349       2.917237407599965E-12    0.8203047484373349       2.6093021137626906E-12   0.8203047484373349
0.8377580409572781        3.9305755806636045E-12   0.8377580409572781       3.863295839742625E-12    0.8377580409572781       3.766087864174624E-12    0.8377580409572781       3.6234680049191992E-12   0.8377580409572781       3.419381801421658E-12    0.8377580409572781
0.8552113334772214        3.4016024026893517E-12   0.8552113334772216       3.374941124308295E-12    0.8552113334772216       3.287450629984083E-12    0.8552113334772216       3.1164610949181497E-12   0.8552113334772216       2.9064906021674156E-12   0.8552113334772216
0.8726646259971648        3.382879517268228E-12    0.8726646259971648       3.4126525777499194E-12   0.8726646259971648       3.318916708292351E-12    0.8726646259971648       3.1929252443618807E-12   0.8726646259971648       3.129372435677586E-12    0.8726646259971648
0.890117918517108         4.0908521305246154E-12   0.890117918517108        4.170599127065386E-12    0.890117918517108        4.062118253390795E-12    0.890117918517108        3.958703949905276E-12    0.890117918517108        3.697308995397048E-12    0.890117918517108
0.9075712110370514        4.845949452991046E-12    0.9075712110370514       4.512395992978838E-12    0.9075712110370514       4.074553826820137E-12    0.9075712110370514       3.511568427688632E-12    0.9075712110370514       3.01638004667598E-12     0.9075712110370514
0.9250245035569946        4.895202360733394E-12    0.9250245035569946       4.078455485938881E-12    0.9250245035569946       3.503050583209227E-12    0.9250245035569946       3.336332776193814E-12    0.9250245035569946       3.588779959370197E-12    0.9250245035569946
0.9424777960769379        4.347299893360498E-12    0.9424777960769379       3.673179401531758E-12    0.9424777960769379       3.831187121377718E-12    0.9424777960769379       4.191134148699039E-12    0.9424777960769379       3.9316624794030756E-12   0.9424777960769379
0.9599310885968813        3.858648731614354E-12    0.9599310885968814       4.128278863097274E-12    0.9599310885968814       4.596282537423221E-12    0.9599310885968814       4.1257370159912325E-12   0.9599310885968814       3.2340697602281222E-12   0.9599310885968814
0.9773843811168246        3.9971398772230414E-12   0.9773843811168246       4.941247840206349E-12    0.9773843811168246       4.498618879247041E-12    0.9773843811168246       3.5012413268753248E-12   0.9773843811168246       3.858252752170898E-12    0.9773843811168246
0.9948376736367678        4.784825594576807E-12    0.9948376736367677       5.1095918381182865E-12   0.9948376736367677       3.859042950946744E-12    0.9948376736367677       4.083037144186889E-12    0.9948376736367677       4.293494552747997E-12    0.9948376736367677
1.0122909661567112        5.60676404804661E-12     1.0122909661567112       4.560072028921168E-12    1.0122909661567112       4.071240459358317E-12    1.0122909661567112       4.7605133786700604E-12   1.0122909661567112       3.5287004802966652E-12   1.0122909661567112
1.0297442586766543        5.826488530051313E-12    1.0297442586766543       4.081275740625196E-12    1.0297442586766543       4.9365103901367765E-12   1.0297442586766543       4.196170867350172E-12    1.0297442586766543       3.868282814356841E-12    1.0297442586766543
1.0471975511965976        5.381944977301385E-12    1.0471975511965976       4.419094798300931E-12    1.0471975511965976       5.1864892203378E-12      1.0471975511965976       3.791996958335255E-12    1.0471975511965976       4.693516513145282E-12    1.0471975511965976
1.064650843716541         4.702974127774558E-12    1.064650843716541        5.312680365446272E-12    1.064650843716541        4.543119973401072E-12    1.064650843716541        4.574041867854959E-12    1.064650843716541        4.127894314047027E-12    1.064650843716541
1.0821041362364843        4.3261447408275245E-12   1.0821041362364843       5.867899789725468E-12    1.0821041362364843       4.114609894551408E-12    1.0821041362364843       5.21252468057568E-12     1.0821041362364843       3.7147588108334786E-12   1.0821041362364843
1.0995574287564276        4.581794394172507E-12    1.0995574287564276       5.6350212683723214E-12   1.0995574287564276       4.686015928776452E-12    1.0995574287564276       4.651526926257136E-12    1.0995574287564276       4.5945831945958536E-12   1.0995574287564276
1.117010721276371         5.393448853804447E-12    1.117010721276371        4.919941749850318E-12    1.117010721276371        5.5889720328151545E-12   1.117010721276371        4.02750677903968E-12     1.117010721276371        5.0590461134878464E-12   1.117010721276371
1.1344640137963142        6.322607139776822E-12    1.1344640137963142       4.442986432019402E-12    1.1344640137963142       5.804435687981768E-12    1.1344640137963142       4.533110220754714E-12    1.1344640137963142       4.2743748689643495E-12   1.1344640137963142
1.1519173063162575        6.8828614719447176E-12   1.1519173063162575       4.720509354936312E-12    1.1519173063162575       5.1577841452993105E-12   1.1519173063162575       5.505900327797108E-12    1.1519173063162575       3.929756894133615E-12    1.1519173063162575
1.1693705988362006        6.84418173375728E-12     1.1693705988362006       5.606704687415517E-12    1.1693705988362006       4.457572499696577E-12    1.1693705988362006       5.644805107414835E-12    1.1693705988362006       4.794004322062626E-12    1.1693705988362006
1.1868238913561442        6.2985868288730764E-12   1.1868238913561442       6.485298663172398E-12    1.1868238913561442       4.553389826249163E-12    1.1868238913561442       4.836936704991289E-12    1.1868238913561442       5.532843862557715E-12    1.1868238913561442
1.2042771838760873        5.539164626467398E-12    1.2042771838760873       6.8202092644723246E-12   1.2042771838760873       5.4187958906373046E-12   1.2042771838760873       4.237772897204234E-12    1.2042771838760873       5.0474642670381536E-12   1.2042771838760873
1.2217304763960306        4.904147596937452E-12    1.2217304763960306       6.476015951324339E-12    1.2217304763960306       6.338189851145704E-12    1.2217304763960306       4.644974871744357E-12    1.2217304763960306       4.181007230786834E-12    1.2217304763960306
1.239183768915974         4.656389479522717E-12    1.239183768915974        5.701746392093918E-12    1.239183768915974        6.637758193485523E-12    1.239183768915974        5.677013052700978E-12    1.239183768915974        4.220850433521559E-12    1.239183768915974
1.2566370614359172        4.908383342876247E-12    1.2566370614359172       4.9446615370233615E-12   1.2566370614359172       6.1532224330720785E-12   1.2566370614359172       6.385302397643866E-12    1.2566370614359172       5.192424919226325E-12    1.2566370614359172
1.2740903539558606        5.603740261189011E-12    1.2740903539558606       4.611636876772788E-12    1.2740903539558606       5.2659506226355714E-12   1.2740903539558606       6.186519086637919E-12    1.2740903539558606       6.053186972293389E-12    1.2740903539558606
1.2915436464758039        6.559686415487583E-12    1.2915436464758039       4.881957070350538E-12    1.2915436464758039       4.585007077855828E-12    1.2915436464758039       5.309228820484919E-12    1.2915436464758039       5.95533671022853E-12     1.2915436464758039
1.3089969389957472        7.54633308385177E-12     1.3089969389957472       5.6648682485290124E-12   1.3089969389957472       4.532780373227605E-12    1.3089969389957472       4.481678192087242E-12    1.3089969389957472       5.073521363773984E-12    1.3089969389957472
1.3264502315156903        8.362287955538808E-12    1.3264502315156903       6.695532874862559E-12    1.3264502315156903       5.147166385346326E-12    1.3264502315156903       4.295210596191152E-12    1.3264502315156903       4.234740223890019E-12    1.3264502315156903
1.3439035240356338        8.878576837719609E-12    1.3439035240356338       7.676570227874213E-12    1.3439035240356338       6.163354956686116E-12    1.3439035240356338       4.865008136326031E-12    1.3439035240356338       4.098858437013408E-12    1.3439035240356338
1.361356816555577         9.04711803217987E-12     1.361356816555577        8.381648537568617E-12    1.361356816555577        7.213907489820223E-12    1.361356816555577        5.905209002088443E-12    1.361356816555577        4.763082152763832E-12    1.361356816555577
1.3788101090755203        8.885857163617166E-12    1.3788101090755203       8.695872370568722E-12    1.3788101090755203       7.992789767689977E-12    1.3788101090755203       6.979373071994621E-12    1.3788101090755203       5.862480671815114E-12    1.3788101090755203
1.3962634015954636        8.455131549085382E-12    1.3962634015954636       8.608331586914514E-12    1.3962634015954636       8.332765084710975E-12    1.3962634015954636       7.722233625102247E-12    1.3962634015954636       6.885891398475249E-12    1.3962634015954636
1.413716694115407         7.835022218778893E-12    1.413716694115407        8.181681300239255E-12    1.413716694115407        8.210029278292528E-12    1.413716694115407        7.953362955629066E-12    1.413716694115407        7.458431753757273E-12    1.413716694115407
1.43116998663535          7.108001891524767E-12    1.43116998663535         7.517231891119324E-12    1.43116998663535         7.705742989109377E-12    1.43116998663535         7.679831828298724E-12    1.43116998663535         7.456500948996233E-12    1.43116998663535
1.4486232791552935        6.347757889442309E-12    1.4486232791552935       6.725213828174103E-12    1.4486232791552935       6.953412039525418E-12    1.4486232791552935       7.031255138922797E-12    1.4486232791552935       6.965279978930014E-12    1.4486232791552935
1.4660765716752369        5.613513742601498E-12    1.4660765716752369       5.904216278850616E-12    1.4660765716752369       6.093143108313779E-12    1.4660765716752369       6.1807936436988394E-12   1.4660765716752369       6.1709434877620025E-12   1.4660765716752369
1.4835298641951802        4.948618404319575E-12    1.4835298641951802       5.130752346590215E-12    1.4835298641951802       5.24218706208687E-12     1.4835298641951802       5.286805342179764E-12    1.4835298641951802       5.2682280572091066E-12   1.4835298641951802
1.5009831567151233        4.382003715659429E-12    1.5009831567151233       4.457368457760239E-12    1.5009831567151233       4.483230683263798E-12    1.5009831567151233       4.465488486387822E-12    1.5009831567151233       4.408931336255941E-12    1.5009831567151233
1.5184364492350666        3.93114087944728E-12     1.5184364492350666       3.9159693159102455E-12   1.5184364492350666       3.866272921862531E-12    1.5184364492350666       3.788555788266506E-12    1.5184364492350666       3.6888212432724815E-12   1.5184364492350666
1.53588974175501          3.6053791220153074E-12   1.53588974175501         3.523227582952209E-12    1.53588974175501         3.416880814574488E-12    1.53588974175501         3.293279190728636E-12    1.53588974175501         3.1577460289608583E-12   1.53588974175501
1.5533430342749535        3.4089615494507304E-12   1.5533430342749535       3.286207036207615E-12    1.5533430342749535       3.145446760815237E-12    1.5533430342749535       2.9940491288447998E-12   1.5533430342749535       2.8355381260714436E-12   1.5533430342749535
1.5707963267948966        3.343380648459561E-12    1.5707963267948966       3.207091400328179E-12    1.5707963267948966       3.0549096228903523E-12   1.5707963267948966       2.8939598243663116E-12   1.5707963267948966       2.727538081409658E-12    1.5707963267948966
1.5882496193148399        3.408914963755994E-12    1.5882496193148399       3.2862266780109923E-12   1.5882496193148399       3.1455678178182804E-12   1.5882496193148399       2.9935927357222184E-12   1.5882496193148399       2.834741203941173E-12    1.5882496193148399
1.605702911834783         3.605218543679709E-12    1.605702911834783        3.523160582884025E-12    1.605702911834783        3.416770252105355E-12    1.605702911834783        3.2929419550095344E-12   1.605702911834783        3.157036177782092E-12    1.605702911834783
1.6231562043547263        3.930848204741532E-12    1.6231562043547263       3.915697944424821E-12    1.6231562043547263       3.8657554173075394E-12   1.6231562043547263       3.788244488899037E-12    1.6231562043547263       3.688823837694957E-12    1.6231562043547263
1.6406094968746698        4.381703735582394E-12    1.6406094968746698       4.456939232903918E-12    1.6406094968746698       4.482806314993966E-12    1.6406094968746698       4.464911140848178E-12    1.6406094968746698       4.4093135428175685E-12   1.6406094968746698
1.6580627893946132        4.948523412310482E-12    1.6580627893946132       5.130435348766203E-12    1.6580627893946132       5.24251429665615E-12     1.6580627893946132       5.286278901560634E-12    1.6580627893946132       5.268166224187172E-12    1.6580627893946132
1.6755160819145563        5.613755123221369E-12    1.6755160819145563       5.904271796820134E-12    1.6755160819145563       6.0939030052847295E-12   1.6755160819145563       6.180323553967364E-12    1.6755160819145563       6.1702211253966054E-12   1.6755160819145563
1.6929693744344996        6.348273924652047E-12    1.6929693744344996       6.725585686380119E-12    1.6929693744344996       6.953512121167532E-12    1.6929693744344996       7.030639403285231E-12    1.6929693744344996       6.96471798744211E-12     1.6929693744344996
1.710422666954443         7.108598176079197E-12    1.710422666954443        7.517575061105051E-12    1.710422666954443        7.704914712236399E-12    1.710422666954443        7.679665233537671E-12    1.710422666954443        7.455985500428635E-12    1.710422666954443
1.7278759594743864        7.835539353273752E-12    1.7278759594743864       8.181698449199166E-12    1.7278759594743864       8.209127880524768E-12    1.7278759594743864       7.954051499465908E-12    1.7278759594743864       7.457279475778106E-12    1.7278759594743864
1.7453292519943295        8.455553037370289E-12    1.7453292519943295       8.6079599725801E-12      1.7453292519943295       8.33235062647514E-12     1.7453292519943295       7.72288166026828E-12     1.7453292519943295       6.884507072416493E-12    1.7453292519943295
1.7627825445142729        8.886272966499697E-12    1.7627825445142729       8.69517973287751E-12     1.7627825445142729       7.992572873235549E-12    1.7627825445142729       6.979354859118652E-12    1.7627825445142729       5.8614541552162944E-12   1.7627825445142729
1.780235837034216         9.047613116142931E-12    1.780235837034216        8.380782889083267E-12    1.780235837034216        7.213544259700674E-12    1.780235837034216        5.904984468613937E-12    1.780235837034216        4.762740095198119E-12    1.780235837034216
1.7976891295541593        8.879163473438888E-12    1.7976891295541593       7.675803202199705E-12    1.7976891295541593       6.162975710927288E-12    1.7976891295541593       4.864910929713217E-12    1.7976891295541593       4.098851857075194E-12    1.7976891295541593
1.8151424220741028        8.362915904127215E-12    1.8151424220741028       6.695101738262848E-12    1.8151424220741028       5.147015395257033E-12    1.8151424220741028       4.294985755833469E-12    1.8151424220741028       4.234656646289661E-12    1.8151424220741028
1.8325957145940461        7.546926685383113E-12    1.8325957145940461       5.664788013906495E-12    1.8325957145940461       4.532819293431365E-12    1.8325957145940461       4.481108680675738E-12    1.8325957145940461       5.073443421905048E-12    1.8325957145940461
1.8500490071139892        6.560170742848535E-12    1.8500490071139892       4.882104550413911E-12    1.8500490071139892       4.585053642039742E-12    1.8500490071139892       5.3086919897810834E-12   1.8500490071139892       5.954811919691828E-12    1.8500490071139892
1.8675022996339325        5.604061122047205E-12    1.8675022996339325       4.611903504248913E-12    1.8675022996339325       5.265882423387549E-12    1.8675022996339325       6.186423715280619E-12    1.8675022996339325       6.051667758362346E-12    1.8675022996339325
1.8849555921538759        4.9085167359457425E-12   1.8849555921538759       4.944956425451284E-12    1.8849555921538759       6.1530869725070516E-12   1.8849555921538759       6.385137243830157E-12    1.8849555921538759       5.1901132845097605E-12   1.8849555921538759
1.902408884673819         4.656328605413861E-12    1.902408884673819        5.701942278431484E-12    1.902408884673819        6.637725616827677E-12    1.902408884673819        5.676184255546779E-12    1.902408884673819        4.2184810180069785E-12   1.902408884673819
1.9198621771937625        4.9038871612883E-12      1.9198621771937625       6.47597884884784E-12     1.9198621771937625       6.338335965409494E-12    1.9198621771937625       4.643956802143684E-12    1.9198621771937625       4.179134088628722E-12    1.9198621771937625
1.9373154697137058        5.5387068315133535E-12   1.9373154697137058       6.819869338922402E-12    1.9373154697137058       5.41908416197042E-12     1.9373154697137058       4.2371186764070815E-12   1.9373154697137058       5.0459170322960285E-12   1.9373154697137058
1.9547687622336491        6.2979656746707534E-12   1.9547687622336491       6.4846980359578644E-12   1.9547687622336491       4.5538361574613696E-12   1.9547687622336491       4.836664210169886E-12    1.9547687622336491       5.53149617926857E-12     1.9547687622336491
1.9722220547535922        6.843483745182315E-12    1.9722220547535922       5.606084498954184E-12    1.9722220547535922       4.458164114071124E-12    1.9722220547535922       5.6447768039012866E-12   1.9722220547535922       4.792841440496289E-12    1.9722220547535922
1.9896753472735356        6.8822024732367705E-12   1.9896753472735356       4.72023113500986E-12     1.9896753472735356       5.158272086809706E-12    1.9896753472735356       5.506069024200203E-12    1.9896753472735356       3.9291475169684505E-12   1.9896753472735356
2.007128639793479         6.322070326612076E-12    2.007128639793479        4.443256679371031E-12    2.007128639793479        5.804444187809735E-12    2.007128639793479        4.53357562289196E-12     2.007128639793479        4.274069004146466E-12    2.007128639793479
2.0245819323134224        5.393075050234028E-12    2.0245819323134224       4.92067935927075E-12     2.0245819323134224       5.588585470777391E-12    2.0245819323134224       4.027921253374937E-12    2.0245819323134224       5.059208984679493E-12    2.0245819323134224
2.0420352248333655        4.581616711066149E-12    2.0420352248333655       5.635854403296173E-12    2.0420352248333655       4.685472520824012E-12    2.0420352248333655       4.651502754784283E-12    2.0420352248333655       4.594571805192405E-12    2.0420352248333655
2.0594885173533086        4.326150905325112E-12    2.0594885173533086       5.868472269088097E-12    2.0594885173533086       4.1140806434933344E-12   2.0594885173533086       5.212563653440063E-12    2.0594885173533086       3.714499487310573E-12    2.0594885173533086
2.076941809873252         4.703053864849827E-12    2.076941809873252        5.3129641835343956E-12   2.076941809873252        4.54284520727919E-12     2.076941809873252        4.574311937642317E-12    2.076941809873252        4.127502258523025E-12    2.076941809873252
2.0943951023931953        5.381943151270174E-12    2.0943951023931953       4.419164032539657E-12    2.0943951023931953       5.186623326117924E-12    2.0943951023931953       3.7920403338254225E-12   2.0943951023931953       4.693084665923456E-12    2.0943951023931953
2.111848394913139         5.826319730513212E-12    2.111848394913139        4.081178348366486E-12    2.111848394913139        4.936928311472296E-12    2.111848394913139        4.1962603407918775E-12   2.111848394913139        3.868506873772665E-12    2.111848394913139
2.129301687433082         5.606495705181155E-12    2.129301687433082        4.559739431969923E-12    2.129301687433082        4.071701383871074E-12    2.129301687433082        4.761304173026847E-12    2.129301687433082        3.5292203600312362E-12   2.129301687433082
2.1467549799530254        4.784613045817443E-12    2.1467549799530254       5.10890662468734E-12     2.1467549799530254       3.859504960341392E-12    2.1467549799530254       4.084276384482895E-12    2.1467549799530254       4.2947571156026944E-12   2.1467549799530254
2.1642082724729685        3.997069747211759E-12    2.1642082724729685       4.940330832576982E-12    2.1642082724729685       4.499157265208499E-12    2.1642082724729685       3.5021974117849515E-12   2.1642082724729685       3.85963731771743E-12     2.1642082724729685
2.1816615649929116        3.85868058426625E-12     2.1816615649929116       4.127350940401776E-12    2.1816615649929116       4.596726893317463E-12    2.1816615649929116       4.126484260448877E-12    2.1816615649929116       3.234804040356417E-12    2.1816615649929116
2.199114857512855         4.3472552784576E-12      2.199114857512855        3.672346843882734E-12    2.199114857512855        3.831342446895815E-12    2.199114857512855        4.192003724640337E-12    2.199114857512855        3.932922876442232E-12    2.199114857512855
2.2165681500327987        4.894918253128637E-12    2.2165681500327987       4.077679969785714E-12    2.2165681500327987       3.5033220604651664E-12   2.2165681500327987       3.3373342470086147E-12   2.2165681500327987       3.590093411618371E-12    2.2165681500327987
2.234021442552742         4.845525781945942E-12    2.234021442552742        4.5116551159002505E-12   2.234021442552742        4.075109388404421E-12    2.234021442552742        3.512407597970151E-12    2.234021442552742        3.0166735340163393E-12   2.234021442552742
2.251474735072685         4.090509005204654E-12    2.251474735072685        4.1700110135605284E-12   2.251474735072685        4.062377619005441E-12    2.251474735072685        3.959270524970918E-12    2.251474735072685        3.697562681413103E-12    2.251474735072685
2.2689280275926285        3.382722974996564E-12    2.2689280275926285       3.4122831257003234E-12   2.2689280275926285       3.319011656243561E-12    2.2689280275926285       3.193556532230149E-12    2.2689280275926285       3.1293981759927554E-12   2.2689280275926285
2.286381320112572         3.401558571167425E-12    2.286381320112572        3.374820458200173E-12    2.286381320112572        3.2877529930239987E-12   2.286381320112572        3.117174588429894E-12    2.286381320112572        2.9059894178821386E-12   2.286381320112572
2.303834612632515         3.930430232181458E-12    2.303834612632515        3.863262903351248E-12    2.303834612632515        3.7662232323008135E-12   2.303834612632515        3.62386458239604E-12     2.303834612632515        3.419006736648593E-12    2.303834612632515
2.321287905152458         4.220578406280229E-12    2.321287905152458        3.813657721715954E-12    2.321287905152458        3.3421978653839975E-12   2.321287905152458        2.9175598175886914E-12   2.321287905152458        2.608836703191944E-12    2.321287905152458
2.3387411976724013        3.720006023006589E-12    2.3387411976724013       3.1126610715888695E-12   2.3387411976724013       2.8310703438788515E-12   2.3387411976724013       2.865766443769732E-12    2.3387411976724013       2.9879603377939374E-12   2.3387411976724013
2.356194490192345         2.9510204664772754E-12   2.356194490192345        2.9228801513378397E-12   2.356194490192345        3.256835323521751E-12    2.356194490192345        3.2703628210136662E-12   2.356194490192345        2.817061587288806E-12    2.356194490192345
2.3736477827122884        2.835892278008184E-12    2.3736477827122884       3.3464544697799817E-12   2.3736477827122884       3.1845140980205993E-12   2.3736477827122884       2.544498368194868E-12    2.3736477827122884       2.400570140333302E-12    2.3736477827122884
2.3911010752322315        3.2949216271928267E-12   2.3911010752322315       3.303052604869418E-12    2.3911010752322315       2.5676067068222435E-12   2.3911010752322315       2.730463479484871E-12    2.3911010752322315       2.8914671968973703E-12   2.3911010752322315
2.4085543677521746        3.549913479766058E-12    2.4085543677521746       2.654522424422074E-12    2.4085543677521746       2.7980729667536213E-12   2.4085543677521746       2.833785425566794E-12    2.4085543677521746       2.144410102661697E-12    2.4085543677521746
2.426007660272118         3.008003201365639E-12    2.426007660272118        2.5839151230223167E-12   2.426007660272118        2.8920257383396878E-12   2.426007660272118        2.1938018350950467E-12   2.426007660272118        2.615026232710647E-12    2.426007660272118
2.443460952792061         2.3603333098682015E-12   2.443460952792061        2.935176158019266E-12    2.443460952792061        2.3119859796592893E-12   2.443460952792061        2.6535527374885626E-12   2.443460952792061        2.1280656521959878E-12   2.443460952792061
2.4609142453120043        2.436633414245893E-12    2.4609142453120043       2.7085875465669594E-12   2.4609142453120043       2.4431932025929483E-12   2.4609142453120043       2.264838587383957E-12    2.4609142453120043       2.197042974343924E-12    2.4609142453120043
2.478367537831948         2.8797614862981913E-12   2.478367537831948        2.162476538166367E-12    2.478367537831948        2.5494050151170917E-12   2.478367537831948        2.0555141403096708E-12   2.478367537831948        2.149072560918552E-12    2.478367537831948
2.4958208303518914        2.8239318368754975E-12   2.4958208303518914       2.3450516382017966E-12   2.4958208303518914       2.0194427296209614E-12   2.4958208303518914       2.37456618664044E-12     2.4958208303518914       1.836349276714648E-12    2.4958208303518914
2.5132741228718345        2.1248270612135805E-12   2.5132741228718345       2.50370414194655E-12     2.5132741228718345       2.1708407892042773E-12   2.5132741228718345       1.7533669841710006E-12   2.5132741228718345       2.1009709805254775E-12   2.5132741228718345
2.5307274153917776        1.8731127463969033E-12   2.5307274153917776       2.0287765206141492E-12   2.5307274153917776       2.1842751155430307E-12   2.5307274153917776       2.119421622559544E-12    2.5307274153917776       1.575130316880499E-12    2.5307274153917776
2.548180707911721         2.219592569368239E-12    2.548180707911721        1.8507234937311354E-12   2.548180707911721        1.715470275269395E-12    2.548180707911721        1.7612058662270466E-12   2.548180707911721        1.9764492497806058E-12   2.548180707911721
2.5656340004316647        2.4138129056745905E-12   2.5656340004316647       2.1087541075925796E-12   2.5656340004316647       1.948142061044907E-12    2.5656340004316647       1.6578243463882954E-12   2.5656340004316647       1.3801132231061006E-12   2.5656340004316647
2.5830872929516078        1.8472383707059273E-12   2.5830872929516078       1.903513533113481E-12    2.5830872929516078       1.7971333266458351E-12   2.5830872929516078       1.801452974625317E-12    2.5830872929516078       1.809884870410342E-12    2.5830872929516078
2.600540585471551         1.4606985486070048E-12   2.600540585471551        1.5055693289602833E-12   2.600540585471551        1.4566625927894146E-12   2.600540585471551        1.3293198613891513E-12   2.600540585471551        1.2170644561419461E-12   2.600540585471551
2.6179938779914944        1.7058212313638234E-12   2.6179938779914944       1.7028108041681778E-12   2.6179938779914944       1.7152028595299632E-12   2.6179938779914944       1.7034624300491721E-12   2.6179938779914944       1.632779566773414E-12    2.6179938779914944
2.6354471705114375        1.9639444075190454E-12   2.6354471705114375       1.687876406331426E-12    2.6354471705114375       1.4041218613224997E-12   2.6354471705114375       1.1855594872369206E-12   2.6354471705114375       1.0658126516711777E-12   2.6354471705114375
2.6529004630313806        1.4855256549233775E-12   2.6529004630313806       1.2535750408846241E-12   2.6529004630313806       1.3034425832629105E-12   2.6529004630313806       1.4484248849305918E-12   2.6529004630313806       1.4594833973319036E-12   2.6529004630313806
2.670353755551324         1.1074906458934503E-12   2.670353755551324        1.3522877287929036E-12   2.670353755551324        1.405151542776619E-12    2.670353755551324        1.1269697229686783E-12   2.670353755551324        9.198454778761126E-13    2.670353755551324
2.6878070480712677        1.3160626498241826E-12   2.6878070480712677       1.4201513568154455E-12   2.6878070480712677       1.0554334267909303E-12   2.6878070480712677       1.138908245334376E-12    2.6878070480712677       1.2924015777151187E-12   2.6878070480712677
2.705260340591211         1.5520720405510333E-12   2.705260340591211        1.03549410503012E-12     2.705260340591211        1.2076562688332272E-12   2.705260340591211        1.0810665818662542E-12   2.705260340591211        7.859347797885769E-13    2.705260340591211
2.722713633111154         1.078121776051233E-12    2.722713633111154        1.0613650308427243E-12   2.722713633111154        1.0424873239943766E-12   2.722713633111154        8.723808166622463E-13    2.722713633111154        1.122768745757541E-12    2.722713633111154
2.740166925631097         8.038878842824648E-13    2.740166925631097        1.1487699216741583E-12   2.740166925631097        8.576824357746437E-13    2.740166925631097        1.0172825323638855E-12   2.740166925631097        6.716540446185873E-13    2.740166925631097
2.7576202181510405        1.0219753895660165E-12   2.7576202181510405       8.252877870091178E-13    2.7576202181510405       9.842966130258769E-13    2.7576202181510405       6.778050242957397E-13    2.7576202181510405       9.380091577909077E-13    2.7576202181510405
2.775073510670984         1.1744947492225404E-12   2.775073510670984        8.202628933255927E-13    2.775073510670984        7.130978657124723E-13    2.775073510670984        9.246599823196065E-13    2.775073510670984        5.87605439606309E-13     2.775073510670984
2.792526803190927         6.789456972559572E-13    2.792526803190927        9.004803163307734E-13    2.792526803190927        8.13736806402835E-13     2.792526803190927        5.38419020856666E-13     2.792526803190927        7.330386781685679E-13    2.792526803190927
2.8099800957108703        5.648875567013875E-13    2.8099800957108703       6.217671907284211E-13    2.8099800957108703       6.727750168231742E-13    2.8099800957108703       8.089854302808171E-13    2.8099800957108703       5.389750895709494E-13    2.8099800957108703
2.827433388230814         8.075409166276887E-13    2.827433388230814        6.194504433084487E-13    2.827433388230814        5.397325350539109E-13    2.827433388230814        4.315140970461856E-13    2.827433388230814        5.195469594533492E-13    2.827433388230814
2.844886680750757         7.894706419176511E-13    2.844886680750757        6.863200728234955E-13    2.844886680750757        6.09911171120445E-13     2.844886680750757        6.807070552514248E-13    2.844886680750757        5.237738109588404E-13    2.844886680750757
2.8623399732707           3.6582365473141407E-13   2.8623399732707          4.3370655747407323E-13   2.8623399732707          4.119416184094899E-13    2.8623399732707          3.4207989938299827E-13   2.8623399732707          3.3401453868216686E-13   2.8623399732707
2.8797932657906435        3.8771117686129627E-13   2.8797932657906435       4.514823602529827E-13    2.8797932657906435       5.252548629373802E-13    2.8797932657906435       5.542863130905624E-13    2.8797932657906435       5.162236128043868E-13    2.8797932657906435
2.897246558310587         6.536274630832855E-13    2.897246558310587        5.124822211111921E-13    2.897246558310587        3.7067089795775124E-13   2.897246558310587        2.632704715318807E-13    2.897246558310587        2.0835267655653222E-13   2.897246558310587
2.9146998508305306        3.8958831404943434E-13   2.9146998508305306       2.7455605648316627E-13   2.9146998508305306       3.3118528423299744E-13   2.9146998508305306       4.3781599938158335E-13   2.9146998508305306       4.614917456987308E-13    2.9146998508305306
2.9321531433504737        2.0204930705868647E-13   2.9321531433504737       3.0733550204288167E-13   2.9321531433504737       2.971378980637124E-13    2.9321531433504737       1.9395456380548602E-13   2.9321531433504737       1.422550481749473E-13    2.9321531433504737
2.949606435870417         2.7654120311155043E-13   2.949606435870417        3.7873336918002125E-13   2.949606435870417        1.8568203347750544E-13   2.949606435870417        3.3789917528337775E-13   2.949606435870417        3.165443634795399E-13    2.949606435870417
2.9670597283903604        4.808047847109197E-13    2.9670597283903604       1.614666111218421E-13    2.9670597283903604       2.8319412222969936E-13   2.9670597283903604       1.3511870335259217E-13   2.9670597283903604       1.22748670154473E-13     2.9670597283903604
2.9845130209103035        1.0603736500557644E-13   2.9845130209103035       1.8235868782804955E-13   2.9845130209103035       1.8012266762069027E-13   2.9845130209103035       2.5626371724017045E-13   2.9845130209103035       1.347101924363143E-13    2.9845130209103035
3.0019663134302466        1.2150971948138626E-13   3.0019663134302466       2.8120905948737154E-13   3.0019663134302466       2.39230886805007E-13     3.0019663134302466       8.883194965947639E-14    3.0019663134302466       1.61873181453105E-13     3.0019663134302466
3.01941960595019          2.978088013383312E-13    3.01941960595019         1.2043970806680667E-13   3.01941960595019         1.2974668885319002E-13   3.01941960595019         1.9438280414353694E-13   3.01941960595019         4.2990952744760924E-14   3.01941960595019
3.036872898470133         1.9354854371308733E-13   3.036872898470133        8.365643162197059E-14    3.036872898470133        8.252327762745038E-14    3.036872898470133        5.942423285392316E-14    3.036872898470133        2.268565913164545E-13    3.036872898470133
3.0543261909900763        1.4801823881920884E-13   3.0543261909900763       2.0977606469618234E-13   3.0543261909900763       6.309402080609365E-14    3.0543261909900763       1.5457540464915702E-13   3.0543261909900763       4.9186867634277905E-14   3.0543261909900763
3.07177948351002          3.118781243331478E-14    3.07177948351002         1.976031315059532E-13    3.07177948351002         6.34568997701796E-14     3.07177948351002         5.5087673156942745E-14   3.07177948351002         1.8325651294340387E-13   3.07177948351002
3.0892327760299634        5.103131537744594E-13    3.0892327760299634       5.606796236647589E-14    3.0892327760299634       2.2386670442639997E-13   3.0892327760299634       1.4723503865646736E-13   3.0892327760299634       2.640196338072863E-14    3.0892327760299634
3.106686068549907         2.269544477558495E-14    3.106686068549907        1.8574258413311354E-13   3.106686068549907        3.520787517614051E-13    3.106686068549907        1.0787459035026578E-13   3.106686068549907        2.230536364786108E-14    3.106686068549907
3.12413936106985          1.0821522939924351E-12   3.12413936106985         9.530411536789835E-13    3.12413936106985         6.173550532275991E-13    3.12413936106985         2.5868424516169276E-13   3.12413936106985         3.838335217494638E-14    3.12413936106985
3.141592653589793         1.2887245700480164E-40   3.141592653589793        1.9705195825151898E-40   3.141592653589793        2.745350300268937E-40    3.141592653589793        3.575429117841253E-40    3.141592653589793        4.408839761370778E-40    3.141592653589793
3.159045946109736         1.0821522939924353E-12   3.1241393610698505       9.530411536790025E-13    3.1241393610698505       6.173550532276277E-13    3.1241393610698505       2.5868424516172356E-13   3.1241393610698505       3.838335217496044E-14    3.1241393610698505
3.1764992386296798        2.2695444775580533E-14   3.106686068549907        1.8574258413312434E-13   3.106686068549907        3.520787517614049E-13    3.106686068549907        1.0787459035025701E-13   3.106686068549907        2.2305363647867256E-14   3.106686068549907
3.193952531149623         5.103131537744599E-13    3.089232776029964        5.6067962366481637E-14   3.089232776029964        2.2386670442639264E-13   3.089232776029964        1.4723503865647685E-13   3.089232776029964        2.6401963380724143E-14   3.089232776029964
3.211405823669566         3.118781243331493E-14    3.0717794835100207       1.9760313150596971E-13   3.0717794835100207       6.345689977016392E-14    3.0717794835100207       5.508767315695581E-14    3.0717794835100207       1.8325651294338383E-13   3.0717794835100207
3.2288591161895095        1.480182388192177E-13    3.054326190990077        2.09776064696165E-13     3.054326190990077        6.309402080608481E-14    3.054326190990077        1.5457540464917783E-13   3.054326190990077        4.918686763427584E-14    3.054326190990077
3.2463124087094526        1.9354854371306718E-13   3.036872898470134        8.365643162197281E-14    3.036872898470134        8.252327762745949E-14    3.036872898470134        5.942423285392616E-14    3.036872898470134        2.2685659131646256E-13   3.036872898470134
3.2637657012293966        2.9780880133832596E-13   3.01941960595019         1.2043970806680303E-13   3.01941960595019         1.297466888531849E-13    3.01941960595019         1.943828041435338E-13    3.01941960595019         4.299095274476123E-14    3.01941960595019
3.2812189937493397        1.215097194813869E-13    3.001966313430247        2.812090594873664E-13    3.001966313430247        2.3923088680500995E-13   3.001966313430247        8.883194965947528E-14    3.001966313430247        1.6187318145309706E-13   3.001966313430247
3.2986722862692828        1.0603736500557353E-13   2.984513020910304        1.823586878280489E-13    2.984513020910304        1.8012266762069053E-13   2.984513020910304        2.5626371724017595E-13   2.984513020910304        1.3471019243630635E-13   2.984513020910304
3.3161255787892263        4.808047847109235E-13    2.9670597283903604       1.614666111218367E-13    2.9670597283903604       2.831941222297052E-13    2.9670597283903604       1.3511870335259888E-13   2.9670597283903604       1.2274867015447427E-13   2.9670597283903604
3.3335788713091694        2.7654120311155416E-13   2.9496064358704173       3.787333691800229E-13    2.9496064358704173       1.8568203347750528E-13   2.9496064358704173       3.378991752833805E-13    2.9496064358704173       3.165443634795287E-13    2.9496064358704173
3.3510321638291125        2.0204930705868546E-13   2.932153143350474        3.0733550204287995E-13   2.932153143350474        2.9713789806371027E-13   2.932153143350474        1.9395456380548392E-13   2.932153143350474        1.422550481749466E-13    2.932153143350474
3.368485456349056         3.895883140494454E-13    2.9146998508305306       2.7455605648315915E-13   2.9146998508305306       3.3118528423299623E-13   2.9146998508305306       4.3781599938158516E-13   2.9146998508305306       4.614917456987377E-13    2.9146998508305306
3.385938748868999         6.536274630832851E-13    2.8972465583105875       5.124822211111954E-13    2.8972465583105875       3.7067089795775043E-13   2.8972465583105875       2.6327047153187965E-13   2.8972465583105875       2.0835267655652803E-13   2.8972465583105875
3.4033920413889422        3.877111768613031E-13    2.8797932657906444       4.514823602529882E-13    2.8797932657906444       5.252548629373906E-13    2.8797932657906444       5.542863130905646E-13    2.8797932657906444       5.162236128044004E-13    2.8797932657906444
3.420845333908886         3.65823654731407E-13     2.862339973270701        4.337065574740584E-13    2.862339973270701        4.119416184094867E-13    2.862339973270701        3.420798993829914E-13    2.862339973270701        3.3401453868215323E-13   2.862339973270701
3.438298626428829         7.894706419176371E-13    2.8448866807507573       6.863200728234959E-13    2.8448866807507573       6.099111711204342E-13    2.8448866807507573       6.807070552514255E-13    2.8448866807507573       5.237738109588607E-13    2.8448866807507573
3.455751918948773         8.07540916627681E-13     2.827433388230814        6.194504433084517E-13    2.827433388230814        5.397325350539096E-13    2.827433388230814        4.3151409704618543E-13   2.827433388230814        5.195469594533552E-13    2.827433388230814
3.473205211468716         5.648875567013896E-13    2.8099800957108707       6.217671907284168E-13    2.8099800957108707       6.727750168231662E-13    2.8099800957108707       8.089854302808149E-13    2.8099800957108707       5.38975089570959E-13     2.8099800957108707
3.490658503988659         6.789456972559535E-13    2.7925268031909276       9.004803163307738E-13    2.7925268031909276       8.137368064028346E-13    2.7925268031909276       5.384190208566646E-13    2.7925268031909276       7.330386781685571E-13    2.7925268031909276
3.5081117965086026        1.1744947492225378E-12   2.775073510670984        8.202628933255981E-13    2.775073510670984        7.130978657124754E-13    2.775073510670984        9.246599823196128E-13    2.775073510670984        5.876054396063029E-13    2.775073510670984
3.5255650890285457        1.0219753895660213E-12   2.757620218151041        8.252877870091218E-13    2.757620218151041        9.842966130258666E-13    2.757620218151041        6.778050242957546E-13    2.757620218151041        9.380091577909016E-13    2.757620218151041
3.543018381548489         8.038878842824588E-13    2.7401669256310974       1.1487699216741508E-12   2.7401669256310974       8.576824357746416E-13    2.7401669256310974       1.0172825323638576E-12   2.7401669256310974       6.716540446186055E-13    2.7401669256310974
3.560471674068432         1.078121776051218E-12    2.7227136331111548       1.0613650308427368E-12   2.7227136331111548       1.0424873239943586E-12   2.7227136331111548       8.723808166622734E-13    2.7227136331111548       1.1227687457575166E-12   2.7227136331111548
3.5779249665883754        1.5520720405510363E-12   2.7052603405912112       1.0354941050301146E-12   2.7052603405912112       1.2076562688332389E-12   2.7052603405912112       1.081066581866239E-12    2.7052603405912112       7.859347797885611E-13    2.7052603405912112
3.5953782591083185        1.3160626498241874E-12   2.687807048071268        1.4201513568154518E-12   2.687807048071268        1.0554334267909196E-12   2.687807048071268        1.1389082453343827E-12   2.687807048071268        1.29240157771512E-12     2.687807048071268
3.6128315516282616        1.1074906458934553E-12   2.670353755551325        1.3522877287929084E-12   2.670353755551325        1.4051515427766126E-12   2.670353755551325        1.1269697229686648E-12   2.670353755551325        9.198454778761221E-13    2.670353755551325
3.6302848441482056        1.485525654923372E-12    2.652900463031381        1.2535750408846292E-12   2.652900463031381        1.3034425832629033E-12   2.652900463031381        1.4484248849305918E-12   2.652900463031381        1.4594833973318836E-12   2.652900463031381
3.6477381366681487        1.9639444075190366E-12   2.635447170511438        1.6878764063314133E-12   2.635447170511438        1.4041218613225071E-12   2.635447170511438        1.1855594872369044E-12   2.635447170511438        1.065812651671175E-12    2.635447170511438
3.6651914291880923        1.705821231363816E-12    2.6179938779914944       1.7028108041681723E-12   2.6179938779914944       1.7152028595299628E-12   2.6179938779914944       1.703462430049184E-12    2.6179938779914944       1.6327795667734127E-12   2.6179938779914944
3.6826447217080354        1.4606985486070123E-12   2.6005405854715513       1.505569328960274E-12    2.6005405854715513       1.4566625927894218E-12   2.6005405854715513       1.32931986138916E-12     2.6005405854715513       1.217064456141945E-12    2.6005405854715513
3.7000980142279785        1.847238370705926E-12    2.5830872929516078       1.9035135331134784E-12   2.5830872929516078       1.7971333266458363E-12   2.5830872929516078       1.8014529746253143E-12   2.5830872929516078       1.8098848704103277E-12   2.5830872929516078
3.717551306747922         2.4138129056746063E-12   2.5656340004316647       2.1087541075925824E-12   2.5656340004316647       1.948142061044899E-12    2.5656340004316647       1.6578243463882932E-12   2.5656340004316647       1.380113223106101E-12    2.5656340004316647
3.735004599267865         2.2195925693682504E-12   2.548180707911721        1.850723493731148E-12    2.548180707911721        1.715470275269395E-12    2.548180707911721        1.761205866227033E-12    2.548180707911721        1.9764492497805892E-12   2.548180707911721
3.752457891787808         1.873112746396908E-12    2.530727415391778        2.0287765206141327E-12   2.530727415391778        2.184275115542993E-12    2.530727415391778        2.1194216225595458E-12   2.530727415391778        1.5751303168805116E-12   2.530727415391778
3.7699111843077517        2.124827061213579E-12    2.5132741228718345       2.503704141946547E-12    2.5132741228718345       2.1708407892042834E-12   2.5132741228718345       1.7533669841709867E-12   2.5132741228718345       2.1009709805254767E-12   2.5132741228718345
3.787364476827695         2.823931836875497E-12    2.4958208303518914       2.3450516382017954E-12   2.4958208303518914       2.0194427296209513E-12   2.4958208303518914       2.3745661866404465E-12   2.4958208303518914       1.836349276714649E-12    2.4958208303518914
3.804817769347638         2.8797614862982018E-12   2.4783675378319483       2.162476538166348E-12    2.4783675378319483       2.5494050151170707E-12   2.4783675378319483       2.0555141403096837E-12   2.4783675378319483       2.1490725609185305E-12   2.4783675378319483
3.822271061867582         2.4366334142459095E-12   2.4609142453120043       2.70858754656694E-12     2.4609142453120043       2.4431932025929564E-12   2.4609142453120043       2.2648385873839478E-12   2.4609142453120043       2.19704297434394E-12     2.4609142453120043
3.839724354387525         2.3603333098681865E-12   2.4434609527920617       2.9351761580192747E-12   2.4434609527920617       2.311985979659278E-12    2.4434609527920617       2.653552737488549E-12    2.4434609527920617       2.128065652195981E-12    2.4434609527920617
3.8571776469074686        3.0080032013656376E-12   2.426007660272118        2.5839151230223127E-12   2.426007660272118        2.8920257383396914E-12   2.426007660272118        2.193801835095059E-12    2.426007660272118        2.6150262327106346E-12   2.426007660272118
3.8746309394274117        3.549913479766062E-12    2.408554367752175        2.6545224244220827E-12   2.408554367752175        2.798072966753628E-12    2.408554367752175        2.8337854255667786E-12   2.408554367752175        2.144410102661705E-12    2.408554367752175
3.8920842319473548        3.2949216271928243E-12   2.3911010752322315       3.303052604869403E-12    2.3911010752322315       2.567606706822247E-12    2.3911010752322315       2.730463479484878E-12    2.3911010752322315       2.891467196897344E-12    2.3911010752322315
3.9095375244672983        2.8358922780081894E-12   2.3736477827122884       3.3464544697799955E-12   2.3736477827122884       3.1845140980206154E-12   2.3736477827122884       2.544498368194874E-12    2.3736477827122884       2.4005701403332925E-12   2.3736477827122884
3.9269908169872414        2.9510204664772612E-12   2.3561944901923453       2.922880151337843E-12    2.3561944901923453       3.2568353235217715E-12   2.3561944901923453       3.2703628210136573E-12   2.3561944901923453       2.8170615872887973E-12   2.3561944901923453
3.9444441095071845        3.720006023006552E-12    2.338741197672402        3.1126610715888404E-12   2.338741197672402        2.8310703438788624E-12   2.338741197672402        2.8657664437697594E-12   2.338741197672402        2.987960337793962E-12    2.338741197672402
3.9618974020271276        4.220578406280227E-12    2.321287905152459        3.8136577217159355E-12   2.321287905152459        3.3421978653839608E-12   2.321287905152459        2.9175598175886736E-12   2.321287905152459        2.6088367031919298E-12   2.321287905152459
3.979350694547071         3.930430232181465E-12    2.3038346126325155       3.8632629033512535E-12   2.3038346126325155       3.766223232300798E-12    2.3038346126325155       3.6238645823960623E-12   2.3038346126325155       3.4190067366485792E-12   2.3038346126325155
3.9968039870670142        3.4015585711674286E-12   2.2863813201125724       3.374820458200175E-12    2.2863813201125724       3.287752993023994E-12    2.2863813201125724       3.1171745884298968E-12   2.2863813201125724       2.905989417882141E-12    2.2863813201125724
4.014257279586958         3.3827229749965524E-12   2.2689280275926285       3.412283125700332E-12    2.2689280275926285       3.3190116562435457E-12   2.2689280275926285       3.1935565322301543E-12   2.2689280275926285       3.1293981759927243E-12   2.2689280275926285
4.031710572106902         4.09050900520466E-12     2.2514747350726845       4.1700110135605244E-12   2.2514747350726845       4.062377619005426E-12    2.2514747350726845       3.9592705249708975E-12   2.2514747350726845       3.697562681413102E-12    2.2514747350726845
4.049163864626845         4.845525781945944E-12    2.2340214425527414       4.511655115900245E-12    2.2340214425527414       4.075109388404423E-12    2.2340214425527414       3.5124075979701426E-12   2.2340214425527414       3.016673534016343E-12    2.2340214425527414
4.066617157146788         4.894918253128639E-12    2.2165681500327987       4.0776799697857115E-12   2.2165681500327987       3.5033220604651705E-12   2.2165681500327987       3.337334247008635E-12    2.2165681500327987       3.5900934116183802E-12   2.2165681500327987
4.084070449666731         4.3472552784576145E-12   2.1991148575128556       3.672346843882737E-12    2.1991148575128556       3.831342446895802E-12    2.1991148575128556       4.19200372464034E-12     2.1991148575128556       3.932922876442216E-12    2.1991148575128556
4.101523742186674         3.858680584266272E-12    2.1816615649929125       4.1273509404017576E-12   2.1816615649929125       4.596726893317455E-12    2.1816615649929125       4.126484260448915E-12    2.1816615649929125       3.234804040356447E-12    2.1816615649929125
4.118977034706617         3.997069747211754E-12    2.164208272472969        4.94033083257693E-12     2.164208272472969        4.4991572652085246E-12   2.164208272472969        3.5021974117849507E-12   2.164208272472969        3.8596373177173985E-12   2.164208272472969
4.136430327226561         4.784613045817437E-12    2.146754979953025        5.108906624687313E-12    2.146754979953025        3.85950496034141E-12     2.146754979953025        4.0842763844829E-12      2.146754979953025        4.294757115602681E-12    2.146754979953025
4.153883619746504         5.606495705181159E-12    2.1293016874330823       4.559739431969939E-12    2.1293016874330823       4.071701383871063E-12    2.1293016874330823       4.7613041730268494E-12   2.1293016874330823       3.5292203600312677E-12   2.1293016874330823
4.171336912266447         5.8263197305132315E-12   2.111848394913139        4.08117834836649E-12     2.111848394913139        4.9369283114722676E-12   2.111848394913139        4.1962603407918734E-12   2.111848394913139        3.868506873772641E-12    2.111848394913139
4.1887902047863905        5.3819431512702156E-12   2.094395102393196        4.4191640325396146E-12   2.094395102393196        5.1866233261179324E-12   2.094395102393196        3.79204033382543E-12     2.094395102393196        4.693084665923458E-12    2.094395102393196
4.2062434973063345        4.7030538648498315E-12   2.076941809873252        5.31296418353442E-12     2.076941809873252        4.542845207279181E-12    2.076941809873252        4.574311937642335E-12    2.076941809873252        4.127502258522994E-12    2.076941809873252
4.223696789826278         4.326150905325132E-12    2.059488517353309        5.86847226908811E-12     2.059488517353309        4.114080643493329E-12    2.059488517353309        5.212563653440056E-12    2.059488517353309        3.7144994873105854E-12   2.059488517353309
4.241150082346221         4.581616711066143E-12    2.042035224833366        5.635854403296185E-12    2.042035224833366        4.685472520823995E-12    2.042035224833366        4.651502754784317E-12    2.042035224833366        4.594571805192374E-12    2.042035224833366
4.258603374866164         5.393075050234011E-12    2.024581932313423        4.920679359270774E-12    2.024581932313423        5.588585470777391E-12    2.024581932313423        4.027921253374934E-12    2.024581932313423        5.0592089846795E-12      2.024581932313423
4.276056667386107         6.322070326612038E-12    2.0071286397934798       4.443256679371018E-12    2.0071286397934798       5.804444187809749E-12    2.0071286397934798       4.533575622891924E-12    2.0071286397934798       4.274069004146549E-12    2.0071286397934798
4.293509959906051         6.8822024732367705E-12   1.9896753472735356       4.72023113500986E-12     1.9896753472735356       5.158272086809706E-12    1.9896753472735356       5.506069024200203E-12    1.9896753472735356       3.9291475169684505E-12   1.9896753472735356
4.310963252425994         6.84348374518231E-12     1.9722220547535925       5.60608449895418E-12     1.9722220547535925       4.458164114071133E-12    1.9722220547535925       5.644776803901289E-12    1.9722220547535925       4.792841440496271E-12    1.9722220547535925
4.328416544945937         6.297965674670763E-12    1.9547687622336494       6.484698035957873E-12    1.9547687622336494       4.553836157461387E-12    1.9547687622336494       4.836664210169896E-12    1.9547687622336494       5.5314961792685785E-12   1.9547687622336494
4.34586983746588          5.538706831513379E-12    1.9373154697137063       6.819869338922381E-12    1.9373154697137063       5.419084161970404E-12    1.9373154697137063       4.237118676407061E-12    1.9373154697137063       5.045917032296071E-12    1.9373154697137063
4.363323129985823         4.903887161288326E-12    1.9198621771937632       6.4759788488478555E-12   1.9198621771937632       6.338335965409488E-12    1.9198621771937632       4.643956802143674E-12    1.9198621771937632       4.179134088628738E-12    1.9198621771937632
4.380776422505767         4.656328605413873E-12    1.9024088846738192       5.7019422784314775E-12   1.9024088846738192       6.637725616827675E-12    1.9024088846738192       5.67618425554678E-12     1.9024088846738192       4.21848101800696E-12     1.9024088846738192
4.39822971502571          4.908516735945768E-12    1.884955592153876        4.94495642545129E-12     1.884955592153876        6.153086972507081E-12    1.884955592153876        6.385137243830167E-12    1.884955592153876        5.190113284509747E-12    1.884955592153876
4.4156830075456535        5.604061122047182E-12    1.867502299633933        4.611903504248926E-12    1.867502299633933        5.265882423387595E-12    1.867502299633933        6.186423715280627E-12    1.867502299633933        6.051667758362335E-12    1.867502299633933
4.4331363000655974        6.560170742848566E-12    1.850049007113989        4.88210455041392E-12     1.850049007113989        4.585053642039745E-12    1.850049007113989        5.308691989781085E-12    1.850049007113989        5.954811919691822E-12    1.850049007113989
4.4505895925855405        7.546926685383131E-12    1.832595714594046        5.664788013906511E-12    1.832595714594046        4.532819293431367E-12    1.832595714594046        4.481108680675735E-12    1.832595714594046        5.073443421905024E-12    1.832595714594046
4.468042885105484         8.362915904127215E-12    1.8151424220741028       6.695101738262848E-12    1.8151424220741028       5.147015395257033E-12    1.8151424220741028       4.294985755833469E-12    1.8151424220741028       4.234656646289661E-12    1.8151424220741028
4.485496177625427         8.879163473438881E-12    1.7976891295541597       7.67580320219968E-12     1.7976891295541597       6.1629757109272506E-12   1.7976891295541597       4.864910929713195E-12    1.7976891295541597       4.098851857075161E-12    1.7976891295541597
4.50294947014537          9.047613116142942E-12    1.7802358370342166       8.380782889083242E-12    1.7802358370342166       7.213544259700624E-12    1.7802358370342166       5.9049844686139E-12      1.7802358370342166       4.7627400951980946E-12   1.7802358370342166
4.520402762665313         8.886272966499717E-12    1.7627825445142735       8.695179732877493E-12    1.7627825445142735       7.992572873235552E-12    1.7627825445142735       6.979354859118641E-12    1.7627825445142735       5.861454155216252E-12    1.7627825445142735
4.537856055185257         8.45555303737029E-12     1.7453292519943295       8.607959972580102E-12    1.7453292519943295       8.332350626475139E-12    1.7453292519943295       7.722881660268282E-12    1.7453292519943295       6.884507072416497E-12    1.7453292519943295
4.5553093477052           7.835539353273752E-12    1.7278759594743864       8.181698449199166E-12    1.7278759594743864       8.209127880524768E-12    1.7278759594743864       7.954051499465908E-12    1.7278759594743864       7.457279475778106E-12    1.7278759594743864
4.572762640225144         7.108598176079186E-12    1.7104226669544424       7.51757506110504E-12     1.7104226669544424       7.704914712236384E-12    1.7104226669544424       7.679665233537665E-12    1.7104226669544424       7.455985500428637E-12    1.7104226669544424
4.590215932745087         6.348273924652031E-12    1.6929693744344994       6.72558568638011E-12     1.6929693744344994       6.953512121167534E-12    1.6929693744344994       7.030639403285224E-12    1.6929693744344994       6.964717987442111E-12    1.6929693744344994
4.60766922526503          5.6137551232213695E-12   1.6755160819145563       5.904271796820134E-12    1.6755160819145563       6.093903005284735E-12    1.6755160819145563       6.180323553967364E-12    1.6755160819145563       6.170221125396604E-12    1.6755160819145563
4.625122517784973         4.948523412310484E-12    1.6580627893946132       5.1304353487662006E-12   1.6580627893946132       5.242514296656152E-12    1.6580627893946132       5.286278901560634E-12    1.6580627893946132       5.268166224187172E-12    1.6580627893946132
4.642575810304916         4.381703735582398E-12    1.64060949687467         4.456939232903929E-12    1.64060949687467         4.4828063149939555E-12   1.64060949687467         4.464911140848174E-12    1.64060949687467         4.409313542817568E-12    1.64060949687467
4.6600291028248595        3.930848204741548E-12    1.623156204354727        3.915697944424834E-12    1.623156204354727        3.865755417307561E-12    1.623156204354727        3.788244488899058E-12    1.623156204354727        3.688823837694983E-12    1.623156204354727
4.677482395344803         3.6052185436797216E-12   1.6057029118347839       3.5231605828840402E-12   1.6057029118347839       3.4167702521053737E-12   1.6057029118347839       3.292941955009553E-12    1.6057029118347839       3.1570361777821156E-12   1.6057029118347839
4.694935687864747         3.408914963755995E-12    1.5882496193148399       3.2862266780109882E-12   1.5882496193148399       3.145567817818278E-12    1.5882496193148399       2.9935927357222184E-12   1.5882496193148399       2.834741203941169E-12    1.5882496193148399
4.71238898038469          3.3433806484595593E-12   1.5707963267948968       3.207091400328183E-12    1.5707963267948968       3.0549096228903467E-12   1.5707963267948968       2.8939598243663076E-12   1.5707963267948968       2.7275380814096655E-12   1.5707963267948968
4.729842272904633         3.4089615494507385E-12   1.5533430342749537       3.2862070362076053E-12   1.5533430342749537       3.145446760815234E-12    1.5533430342749537       2.994049128844794E-12    1.5533430342749537       2.835538126071456E-12    1.5533430342749537
4.747295565424577         3.6053791220153102E-12   1.5358897417550097       3.5232275829522066E-12   1.5358897417550097       3.416880814574497E-12    1.5358897417550097       3.2932791907286437E-12   1.5358897417550097       3.1577460289608547E-12   1.5358897417550097
4.76474885794452          3.93114087944728E-12     1.5184364492350666       3.915969315910246E-12    1.5184364492350666       3.86627292186253E-12     1.5184364492350666       3.788555788266499E-12    1.5184364492350666       3.688821243272474E-12    1.5184364492350666
4.782202150464463         4.382003715659407E-12    1.5009831567151235       4.4573684577602235E-12   1.5009831567151235       4.483230683263783E-12    1.5009831567151235       4.465488486387813E-12    1.5009831567151235       4.40893133625592E-12     1.5009831567151235
4.799655442984406         4.948618404319575E-12    1.4835298641951804       5.130752346590185E-12    1.4835298641951804       5.242187062086851E-12    1.4835298641951804       5.2868053421797896E-12   1.4835298641951804       5.268228057209068E-12    1.4835298641951804
4.817108735504349         5.613513742601477E-12    1.4660765716752373       5.90421627885058E-12     1.4660765716752373       6.093143108313738E-12    1.4660765716752373       6.180793643698777E-12    1.4660765716752373       6.1709434877619815E-12   1.4660765716752373
4.834562028024293         6.3477578894423255E-12   1.4486232791552933       6.7252138281741024E-12   1.4486232791552933       6.953412039525426E-12    1.4486232791552933       7.031255138922804E-12    1.4486232791552933       6.965279978930066E-12    1.4486232791552933
4.852015320544236         7.108001891524738E-12    1.4311699866353502       7.517231891119336E-12    1.4311699866353502       7.70574298910937E-12     1.4311699866353502       7.679831828298692E-12    1.4311699866353502       7.456500948996259E-12    1.4311699866353502
4.869468613064179         7.835022218778895E-12    1.4137166941154071       8.181681300239287E-12    1.4137166941154071       8.210029278292465E-12    1.4137166941154071       7.953362955629085E-12    1.4137166941154071       7.458431753757265E-12    1.4137166941154071
4.886921905584122         8.455131549085334E-12    1.396263401595464        8.608331586914497E-12    1.396263401595464        8.332765084710977E-12    1.396263401595464        7.722233625102234E-12    1.396263401595464        6.8858913984752556E-12   1.396263401595464
4.9043751981040655        8.885857163617158E-12    1.378810109075521        8.695872370568688E-12    1.378810109075521        7.992789767690048E-12    1.378810109075521        6.9793730719946676E-12   1.378810109075521        5.862480671815156E-12    1.378810109075521
4.921828490624009         9.047118032179897E-12    1.3613568165555778       8.381648537568641E-12    1.3613568165555778       7.213907489820281E-12    1.3613568165555778       5.90520900208848E-12     1.3613568165555778       4.763082152763894E-12    1.3613568165555778
4.939281783143953         8.878576837719609E-12    1.3439035240356338       7.676570227874213E-12    1.3439035240356338       6.163354956686116E-12    1.3439035240356338       4.865008136326031E-12    1.3439035240356338       4.098858437013408E-12    1.3439035240356338
4.956735075663896         8.362287955538792E-12    1.3264502315156907       6.6955328748626184E-12   1.3264502315156907       5.147166385346339E-12    1.3264502315156907       4.29521059619117E-12     1.3264502315156907       4.2347402238900164E-12   1.3264502315156907
4.97418836818384          7.546333083851742E-12    1.3089969389957468       5.664868248529003E-12    1.3089969389957468       4.532780373227599E-12    1.3089969389957468       4.48167819208727E-12     1.3089969389957468       5.073521363774025E-12    1.3089969389957468
4.991641660703783         6.559686415487582E-12    1.2915436464758037       4.8819570703505485E-12   1.2915436464758037       4.585007077855857E-12    1.2915436464758037       5.3092288204849095E-12   1.2915436464758037       5.95533671022854E-12     1.2915436464758037
5.009094953223726         5.603740261189001E-12    1.2740903539558606       4.611636876772772E-12    1.2740903539558606       5.265950622635568E-12    1.2740903539558606       6.1865190866379325E-12   1.2740903539558606       6.0531869722934075E-12   1.2740903539558606
5.026548245743669         4.908383342876228E-12    1.2566370614359175       4.944661537023362E-12    1.2566370614359175       6.153222433072076E-12    1.2566370614359175       6.385302397643902E-12    1.2566370614359175       5.192424919226378E-12    1.2566370614359175
5.044001538263612         4.656389479522708E-12    1.2391837689159744       5.701746392093881E-12    1.2391837689159744       6.6377581934855285E-12   1.2391837689159744       5.6770130527010125E-12   1.2391837689159744       4.220850433521521E-12    1.2391837689159744
5.061454830783555         4.904147596937431E-12    1.2217304763960313       6.4760159513243095E-12   1.2217304763960313       6.33818985114573E-12     1.2217304763960313       4.64497487174437E-12     1.2217304763960313       4.181007230786806E-12    1.2217304763960313
5.078908123303498         5.539164626467359E-12    1.2042771838760882       6.8202092644723125E-12   1.2042771838760882       5.4187958906373175E-12   1.2042771838760882       4.237772897204244E-12    1.2042771838760882       5.047464267038109E-12    1.2042771838760882
5.096361415823442         6.2985868288730764E-12   1.1868238913561442       6.485298663172398E-12    1.1868238913561442       4.553389826249163E-12    1.1868238913561442       4.836936704991289E-12    1.1868238913561442       5.532843862557715E-12    1.1868238913561442
5.113814708343385         6.8441817337572475E-12   1.169370598836201        5.606704687415542E-12    1.169370598836201        4.4575724996965614E-12   1.169370598836201        5.644805107414841E-12    1.169370598836201        4.794004322062646E-12    1.169370598836201
5.131268000863329         6.882861471944703E-12    1.151917306316257        4.7205093549362836E-12   1.151917306316257        5.1577841452992984E-12   1.151917306316257        5.505900327797077E-12    1.151917306316257        3.929756894133614E-12    1.151917306316257
5.1487212933832724        6.3226071397768124E-12   1.134464013796314        4.442986432019391E-12    1.134464013796314        5.804435687981779E-12    1.134464013796314        4.533110220754706E-12    1.134464013796314        4.274374868964384E-12    1.134464013796314
5.1661745859032155        5.393448853804453E-12    1.117010721276371        4.919941749850322E-12    1.117010721276371        5.588972032815171E-12    1.117010721276371        4.027506779039686E-12    1.117010721276371        5.059046113487855E-12    1.117010721276371
5.183627878423159         4.5817943941725E-12      1.0995574287564278       5.635021268372305E-12    1.0995574287564278       4.686015928776456E-12    1.0995574287564278       4.651526926257102E-12    1.0995574287564278       4.5945831945959004E-12   1.0995574287564278
5.201081170943102         4.326144740827524E-12    1.0821041362364847       5.867899789725447E-12    1.0821041362364847       4.1146098945514044E-12   1.0821041362364847       5.212524680575714E-12    1.0821041362364847       3.714758810833474E-12    1.0821041362364847
5.218534463463045         4.7029741277745585E-12   1.0646508437165416       5.312680365446314E-12    1.0646508437165416       4.543119973400998E-12    1.0646508437165416       4.5740418678549605E-12   1.0646508437165416       4.127894314046998E-12    1.0646508437165416
5.235987755982989         5.381944977301385E-12    1.0471975511965976       4.419094798300931E-12    1.0471975511965976       5.1864892203378E-12      1.0471975511965976       3.791996958335255E-12    1.0471975511965976       4.693516513145282E-12    1.0471975511965976
5.253441048502932         5.826488530051297E-12    1.0297442586766545       4.081275740625205E-12    1.0297442586766545       4.936510390136774E-12    1.0297442586766545       4.196170867350166E-12    1.0297442586766545       3.868282814356852E-12    1.0297442586766545
5.270894341022875         5.6067640480466075E-12   1.0122909661567114       4.56007202892114E-12     1.0122909661567114       4.071240459358333E-12    1.0122909661567114       4.760513378670058E-12    1.0122909661567114       3.5287004802966576E-12   1.0122909661567114
5.288347633542818         4.784825594576855E-12    0.9948376736367683       5.109591838118277E-12    0.9948376736367683       3.859042950946732E-12    0.9948376736367683       4.083037144186917E-12    0.9948376736367683       4.293494552747991E-12    0.9948376736367683
5.305800926062761         3.9971398772230665E-12   0.9773843811168252       4.9412478402063634E-12   0.9773843811168252       4.4986188792470456E-12   0.9773843811168252       3.501241326875329E-12    0.9773843811168252       3.858252752170924E-12    0.9773843811168252
5.323254218582705         3.858648731614354E-12    0.9599310885968814       4.128278863097274E-12    0.9599310885968814       4.596282537423221E-12    0.9599310885968814       4.1257370159912325E-12   0.9599310885968814       3.2340697602281222E-12   0.9599310885968814
5.340707511102648         4.347299893360488E-12    0.9424777960769383       3.673179401531748E-12    0.9424777960769383       3.8311871213777405E-12   0.9424777960769383       4.191134148699053E-12    0.9424777960769383       3.9316624794030635E-12   0.9424777960769383
5.358160803622591         4.895202360733391E-12    0.9250245035569951       4.078455485938866E-12    0.9250245035569951       3.5030505832092114E-12   0.9250245035569951       3.3363327761938435E-12   0.9250245035569951       3.588779959370227E-12    0.9250245035569951
5.375614096142535         4.845949452991032E-12    0.9075712110370511       4.512395992978845E-12    0.9075712110370511       4.074553826820142E-12    0.9075712110370511       3.5115684276886723E-12   0.9075712110370511       3.016380046675981E-12    0.9075712110370511
5.3930673886624785        4.0908521305246154E-12   0.890117918517108        4.170599127065386E-12    0.890117918517108        4.062118253390795E-12    0.890117918517108        3.958703949905276E-12    0.890117918517108        3.697308995397048E-12    0.890117918517108
5.410520681182422         3.3828795172682414E-12   0.8726646259971649       3.4126525777499158E-12   0.8726646259971649       3.318916708292372E-12    0.8726646259971649       3.1929252443618843E-12   0.8726646259971649       3.129372435677604E-12    0.8726646259971649
5.427973973702365         3.4016024026893303E-12   0.8552113334772218       3.3749411243082823E-12   0.8552113334772218       3.2874506299840835E-12   0.8552113334772218       3.1164610949181247E-12   0.8552113334772218       2.9064906021674063E-12   0.8552113334772218
5.445427266222308         3.9305755806635924E-12   0.8377580409572788       3.863295839742605E-12    0.8377580409572788       3.766087864174631E-12    0.8377580409572788       3.623468004919195E-12    0.8377580409572788       3.419381801421694E-12    0.8377580409572788
5.462880558742251         4.2208739905447705E-12   0.8203047484373357       3.813853717547647E-12    0.8203047484373357       3.342301827197842E-12    0.8203047484373357       2.9172374075999964E-12   0.8203047484373357       2.609302113762722E-12    0.8203047484373357
5.480333851262194         3.720336899557911E-12    0.8028514559173925       3.113133354748931E-12    0.8028514559173925       2.8310199795539425E-12   0.8028514559173925       2.8654282729262772E-12   0.8028514559173925       2.9883711086912214E-12   0.8028514559173925
5.497787143782138         2.9513001399122184E-12   0.7853981633974485       2.923456593248567E-12    0.7853981633974485       3.256821214554403E-12    0.7853981633974485       3.2703805081298844E-12   0.7853981633974485       2.8184223112855346E-12   0.7853981633974485
5.515240436302081         2.8360983288563437E-12   0.7679448708775054       3.3470615537398E-12      0.7679448708775054       3.184670575636294E-12    0.7679448708775054       2.5447117639748236E-12   0.7679448708775054       2.4021581424366192E-12   0.7679448708775054
5.532693728822025         3.2951914739731282E-12   0.7504915783575614       3.303859631896242E-12    0.7504915783575614       2.567658790419266E-12    0.7504915783575614       2.7309129097722667E-12   0.7504915783575614       2.892737431913465E-12    0.7504915783575614
5.550147021341968         3.5503063674997147E-12   0.7330382858376183       2.6554753389266443E-12   0.7330382858376183       2.7984062243190157E-12   0.7330382858376183       2.8344103822068253E-12   0.7330382858376183       2.1455005313980498E-12   0.7330382858376183
5.567600313861911         3.0084320486871156E-12   0.7155849933176752       2.584761365565414E-12    0.7155849933176752       2.89297154857265E-12     0.7155849933176752       2.1944051274057184E-12   0.7155849933176752       2.6153717932358455E-12   0.7155849933176752
5.585053606381854         2.360682158721448E-12    0.6981317007977322       2.9359555073283377E-12   0.6981317007977322       2.312567702748313E-12    0.6981317007977322       2.6541407023038768E-12   0.6981317007977322       2.1289306245568847E-12   0.6981317007977322
5.602506898901797         2.436849486374773E-12    0.680678408277789        2.7092585555822353E-12   0.680678408277789        2.4434926579418576E-12   0.680678408277789        2.2656053631071468E-12   0.680678408277789        2.1976398398888445E-12   0.680678408277789
5.6199601914217405        2.879936842333216E-12    0.6632251157578459       2.1627884951027203E-12   0.6632251157578459       2.5497758339356166E-12   0.6632251157578459       2.056431763707998E-12    0.6632251157578459       2.1496072706666074E-12   0.6632251157578459
5.6374134839416845        2.824083685255046E-12    0.6457718232379019       2.345047478041316E-12    0.6457718232379019       2.01937346298999E-12     0.6457718232379019       2.3753314945659236E-12   0.6457718232379019       1.8374747062826077E-12   0.6457718232379019
5.654866776461628         2.1249727553886596E-12   0.6283185307179588       2.5037893505744133E-12   0.6283185307179588       2.1704484844162923E-12   0.6283185307179588       1.7540687202187198E-12   0.6283185307179588       2.101665089088351E-12    0.6283185307179588
5.672320068981571         1.8731682638932678E-12   0.6108652381980157       2.029097264863683E-12    0.6108652381980157       2.184532599627307E-12    0.6108652381980157       2.120163663409551E-12    0.6108652381980157       1.5756277322868932E-12   0.6108652381980157
5.689773361501514         2.2195081907965388E-12   0.5934119456780726       1.850959098044956E-12    0.5934119456780726       1.7159386073933099E-12   0.5934119456780726       1.7621265775362742E-12   0.5934119456780726       1.9773341590287806E-12   0.5934119456780726
5.707226654021458         2.413795845854026E-12    0.5759586531581287       2.1087487679923734E-12   0.5759586531581287       1.9483086272281174E-12   0.5759586531581287       1.6587574247476374E-12   0.5759586531581287       1.3807239264011428E-12   0.5759586531581287
5.7246799465414           1.847289625412004E-12    0.5585053606381865       1.903431908832538E-12    0.5585053606381865       1.7974948306451014E-12   0.5585053606381865       1.8018425516805737E-12   0.5585053606381865       1.8098382954896132E-12   0.5585053606381865
5.742133239061344         1.4606118191165117E-12   0.5410520681182425       1.5055064708209544E-12   0.5410520681182425       1.4570950216017586E-12   0.5410520681182425       1.3289718669516795E-12   0.5410520681182425       1.2164044168815172E-12   0.5410520681182425
5.759586531581287         1.7055308210875532E-12   0.5235987755982994       1.7026214823480791E-12   0.5235987755982994       1.7152550397195704E-12   0.5235987755982994       1.7029020656122716E-12   0.5235987755982994       1.631844871521575E-12    0.5235987755982994
5.777039824101231         1.9636478973079864E-12   0.5061454830783554       1.6878848433793945E-12   0.5061454830783554       1.4039012897981958E-12   0.5061454830783554       1.1852101300651125E-12   0.5061454830783554       1.0651473848679437E-12   0.5061454830783554
5.794493116621174         1.4855202475148165E-12   0.4886921905584123       1.2538313625882507E-12   0.4886921905584123       1.3030455414743922E-12   0.4886921905584123       1.4475944287456968E-12   0.4886921905584123       1.4591578948133068E-12   0.4886921905584123
5.811946409141117         1.1077054125026004E-12   0.4712388980384692       1.352491386371769E-12    0.4712388980384692       1.404606228655132E-12    0.4712388980384692       1.126421066116652E-12    0.4712388980384692       9.204284605851654E-13    0.4712388980384692
5.829399701661061         1.3162541190525544E-12   0.45378560551852526      1.42012434867108E-12     0.45378560551852526      1.0552279763726454E-12   0.45378560551852526      1.1385819582415043E-12   0.45378560551852526      1.2923001521205314E-12   0.45378560551852526
5.8468529941810035        1.5519954723285274E-12   0.436332312998583        1.035340831334067E-12    0.436332312998583        1.2078589356846567E-12   0.436332312998583        1.0808958998928844E-12   0.436332312998583        7.860367243553059E-13    0.436332312998583
5.8643062867009474        1.0780436640540228E-12   0.418879020478639        1.061216195143717E-12    0.418879020478639        1.0427725345403842E-12   0.418879020478639        8.726979832639014E-13    0.418879020478639        1.1225769201418046E-12   0.418879020478639
5.88175957922089          8.037684304487976E-13    0.40142572795869685      1.1485265432906657E-12   0.40142572795869685      8.58120870700734E-13     0.40142572795869685      1.01687853886799E-12     0.40142572795869685      6.720343814291857E-13    0.40142572795869685
5.899212871740834         1.0217774762987377E-12   0.3839724354387528       8.251270980301025E-13    0.3839724354387528       9.852470308953768E-13    0.3839724354387528       6.773433779485453E-13    0.3839724354387528       9.383566270802224E-13    0.3839724354387528
5.916666164260777         1.1741554706555749E-12   0.36651914291880977      8.200928458724858E-13    0.36651914291880977      7.136841968320751E-13    0.36651914291880977      9.245192838026806E-13    0.36651914291880977      5.877798750001323E-13    0.36651914291880977
5.934119456780721         6.786484223032866E-13    0.3490658503988658       9.002319840557804E-13    0.3490658503988658       8.140511620406344E-13    0.3490658503988658       5.380171906701916E-13    0.3490658503988658       7.331051801353605E-13    0.3490658503988658
5.951572749300663         5.647058840462434E-13    0.3316125578789235       6.217647646114695E-13    0.3316125578789235       6.729987620523941E-13    0.3316125578789235       8.08299719243752E-13     0.3316125578789235       5.387712232968538E-13    0.3316125578789235
5.969026041820607         8.075869431458776E-13    0.3141592653589796       6.197267196947267E-13    0.3141592653589796       5.395244502719943E-13    0.3141592653589796       4.311514013115014E-13    0.3141592653589796       5.198026256225554E-13    0.3141592653589796
5.986479334340551         7.897576932683899E-13    0.29670597283903555      6.866107165834082E-13    0.29670597283903555      6.098550477429461E-13    0.29670597283903555      6.804959814128727E-13    0.29670597283903555      5.237342907665318E-13    0.29670597283903555
6.003932626860493         3.6601773131602227E-13   0.27925268031909334      4.3381980260495194E-13   0.27925268031909334      4.1241114667198175E-13   0.27925268031909334      3.4163653455887004E-13   0.27925268031909334      3.340433247307307E-13    0.27925268031909334
6.021385919380437         3.8775298233074983E-13   0.26179938779914935      4.511842232442493E-13    0.26179938779914935      5.256733233789273E-13    0.26179938779914935      5.53558339653036E-13     0.26179938779914935      5.16195193291066E-13     0.26179938779914935
6.03883921190038          6.534938179750163E-13    0.24434609527920628      5.118125343310069E-13    0.24434609527920628      3.7067538468251525E-13   0.24434609527920628      2.632072080234751E-13    0.24434609527920628      2.0826438177450106E-13   0.24434609527920628
6.056292504420323         3.8967152585580707E-13   0.22689280275926318      2.740862202706914E-13    0.22689280275926318      3.3123271176336224E-13   0.22689280275926318      4.374799888850303E-13    0.22689280275926318      4.617975987051307E-13    0.22689280275926318
6.073745796940266         2.0212436038881742E-13   0.2094395102393201       3.0733248823585393E-13   0.2094395102393201       2.9745223857635367E-13   0.2094395102393201       1.9397267265270786E-13   0.2094395102393201       1.421318498402748E-13    0.2094395102393201
6.09119908946021          2.765756935180618E-13    0.1919862177193761       3.7887230989911424E-13   0.1919862177193761       1.858395414480825E-13    0.1919862177193761       3.3775385038617273E-13   0.1919862177193761       3.1624077232986706E-13   0.1919862177193761
6.108652381980153         4.806018505787221E-13    0.1745329251994339       1.6148884960912732E-13   0.1745329251994339       2.831381331593738E-13    0.1745329251994339       1.350795959709721E-13    0.1745329251994339       1.2273955219505894E-13   0.1745329251994339
6.126105674500097         1.059116751486913E-13    0.15707963267948988      1.82091742465136E-13     0.15707963267948988      1.80007713924136E-13     0.15707963267948988      2.5605031000212764E-13   0.15707963267948988      1.3472699317188949E-13   0.15707963267948988
6.14355896702004          1.2142412278744237E-13   0.1396263401595468       2.81135344387395E-13     0.1396263401595468       2.389795944778319E-13    0.1396263401595468       8.88431966913952E-14     0.1396263401595468       1.6218160568248298E-13   0.1396263401595468
6.161012259539983         2.978818397710466E-13    0.12217304763960371      1.2051673050883325E-13   0.12217304763960371      1.2958635850173464E-13   0.12217304763960371      1.9420090206841782E-13   0.12217304763960371      4.2994201263480586E-14   0.12217304763960371
6.178465552059927         1.9378815612956148E-13   0.10471975511965972      8.382711717676909E-14    0.10471975511965972      8.277152841397749E-14    0.10471975511965972      5.945652225509903E-14    0.10471975511965972      2.2664068227287236E-13   0.10471975511965972
6.19591884457987          1.47858874489872E-13     0.08726646259971663      2.0964814269991936E-13   0.08726646259971663      6.310402244109672E-14    0.08726646259971663      1.5475326124690123E-13   0.08726646259971663      4.9157260883443804E-14   0.08726646259971663
6.213372137099814         3.1117435659790714E-14   0.06981317007977264      1.975599491074879E-13    0.06981317007977264      6.346239673301466E-14    0.06981317007977264      5.506129163495393E-14    0.06981317007977264      1.8354020823469958E-13   0.06981317007977264
6.230825429619756         5.09722257615877E-13     0.052359877559830424     5.596775143620615E-14    0.052359877559830424     2.240177600848643E-13    0.052359877559830424     1.4733734544971246E-13   0.052359877559830424     2.6384450787210827E-14   0.052359877559830424
6.2482787221397           2.2771231127107403E-14   0.034906585039886445     1.8577063069914203E-13   0.034906585039886445     3.516780696574788E-13    0.034906585039886445     1.0773938097237008E-13   0.034906585039886445     2.233842045654429E-14    0.034906585039886445
6.265732014659642         1.0826701014010112E-12   0.017453292519944232     9.52776854812756E-13     0.017453292519944232     6.176601240173863E-13    0.017453292519944232     2.585966506338337E-13    0.017453292519944232     3.8360500768411717E-14   0.017453292519944232
6.283185307179586         5.156415959621407E-40    2.4492935982947064E-16   7.879952458745873E-40    2.4492935982947064E-16   1.0981805691143042E-39   2.4492935982947064E-16   1.4298007903890992E-39   2.4492935982947064E-16   1.7630202224136335E-39   2.4492935982947064E-16
