% Model:              Denominators_sphereDipole.mph
% Version:            COMSOL 6.2.0.290
% Date:               Nov 9 2025, 16:50
% Dimension:          1
% Nodes:              361
% Expressions:        10
% Description:        Radiation pattern
% theta                   (emw.normEfar^2+emw.normEfar2^2) Elevation angle          (emw.normEfar^2+emw.normEfar2^2) Elevation angle          (emw.normEfar^2+emw.normEfar2^2) Elevation angle          (emw.normEfar^2+emw.normEfar2^2) Elevation angle          (emw.normEfar^2+emw.normEfar2^2) Elevation angle
0                         0                        0                        0                        0                        0                        0                        0                        0                        0                        0
0.017453292519943295      3.0180469182150034E-15   0.017453292519943295     2.938315575103262E-13    0.017453292519943295     2.954053870460223E-13    0.017453292519943295     4.465186005047538E-14    0.017453292519943295     5.768416659570365E-14    0.017453292519943295
0.03490658503988659       9.917326228630376E-14    0.03490658503988659      6.478415239678814E-14    0.03490658503988659      1.1245772086016084E-13   0.03490658503988659      1.009280484024784E-14    0.03490658503988659      9.37139800008655E-14     0.03490658503988659
0.05235987755982988       1.5651954241899971E-13   0.05235987755982988      5.2027826998063946E-14   0.05235987755982988      2.0903003478501316E-14   0.05235987755982988      2.1052515794269122E-14   0.05235987755982988      1.6320366829947984E-14   0.05235987755982988
0.06981317007977318       1.9108302006060945E-13   0.06981317007977318      1.2138198795531297E-13   0.06981317007977318      3.555472311506145E-14    0.06981317007977318      4.3761615704310245E-14   0.06981317007977318      1.0740277512059551E-13   0.06981317007977318
0.08726646259971647       8.494584223870479E-14    0.08726646259971647      1.6866929760582823E-13   0.08726646259971647      1.2117438884438406E-13   0.08726646259971647      6.730610573709306E-14    0.08726646259971647      7.43601690839756E-14     0.08726646259971647
0.10471975511965977       6.505844566795945E-14    0.10471975511965977      4.5108106494252706E-14   0.10471975511965977      1.988059959649085E-13    0.10471975511965977      8.751169078144062E-14    0.10471975511965977      4.640718734089603E-14    0.10471975511965977
0.12217304763960307       1.539822789094317E-13    0.12217304763960307      5.2700626307869004E-14   0.12217304763960307      2.1284660249865184E-13   0.12217304763960307      1.0303775434689055E-13   0.12217304763960307      7.517835378836328E-14    0.12217304763960307
0.13962634015954636       1.472127019227044E-13    0.13962634015954636      2.1351387767295583E-13   0.13962634015954636      1.7422833892562388E-13   0.13962634015954636      1.1821682877727176E-13   0.13962634015954636      1.1318777256519007E-13   0.13962634015954636
0.15707963267948966       2.6165349966737424E-13   0.15707963267948966      2.7335600473226704E-13   0.15707963267948966      1.3317235035659183E-13   0.15707963267948966      1.3508208227355662E-13   0.15707963267948966      2.0086756194136318E-13   0.15707963267948966
0.17453292519943295       2.1861485246712405E-13   0.17453292519943295      1.3821648210864662E-13   0.17453292519943295      1.2272864483275524E-13   0.17453292519943295      1.5743370304727916E-13   0.17453292519943295      2.0123816479295628E-13   0.17453292519943295
0.19198621771937624       2.2717827178409448E-13   0.19198621771937624      1.6059579131809873E-13   0.19198621771937624      1.4473571611517418E-13   0.19198621771937624      1.869961703886451E-13    0.19198621771937624      1.695818639918679E-13    0.19198621771937624
0.20943951023931953       3.462689254346234E-13    0.2094395102393195       3.9872137242826526E-13   0.2094395102393195       1.9809879473891234E-13   0.2094395102393195       2.2196757073061723E-13   0.2094395102393195       2.0170837930302177E-13   0.2094395102393195
0.22689280275926285       3.056372407810618E-13    0.22689280275926285      4.208862018780056E-13    0.22689280275926285      2.995830954426278E-13    0.22689280275926285      2.6407789069987445E-13   0.22689280275926285      2.7018263873444244E-13   0.22689280275926285
0.24434609527920614       4.891692207831508E-13    0.24434609527920614      2.8043852420609596E-13   0.24434609527920614      4.436805006315147E-13    0.24434609527920614      3.1268590099515357E-13   0.24434609527920614      3.7361945417717163E-13   0.24434609527920614
0.2617993877991494        4.511106384114478E-13    0.2617993877991494       3.7023048978561687E-13   0.2617993877991494       5.621112439445077E-13    0.2617993877991494       3.632393317991995E-13    0.2617993877991494       4.392916515518488E-13    0.2617993877991494
0.2792526803190927        5.151420341638871E-13    0.2792526803190927       6.642253770235927E-13    0.2792526803190927       5.853152181429251E-13    0.2792526803190927       4.177622299143417E-13    0.2792526803190927       4.251058993757372E-13    0.2792526803190927
0.29670597283903605       6.229581884337011E-13    0.2967059728390361       5.726933146519571E-13    0.2967059728390361       5.288096350685848E-13    0.2967059728390361       4.742276747207841E-13    0.2967059728390361       4.1537218439311207E-13   0.2967059728390361
0.3141592653589793        5.651757686112867E-13    0.3141592653589793       4.71277214928695E-13     0.3141592653589793       4.850435529014567E-13    0.3141592653589793       5.309684999539955E-13    0.3141592653589793       4.643747079747474E-13    0.3141592653589793
0.3316125578789226        8.174888664365861E-13    0.3316125578789226       7.314111485601341E-13    0.3316125578789226       5.203992887980117E-13    0.3316125578789226       5.892248023270756E-13    0.3316125578789226       5.586696345218179E-13    0.3316125578789226
0.3490658503988659        7.234619720062442E-13    0.3490658503988659       9.228098835133303E-13    0.3490658503988659       6.538417558962697E-13    0.3490658503988659       6.471668708101796E-13    0.3490658503988659       6.79252514484329E-13     0.3490658503988659
0.3665191429188092        9.524869437188896E-13    0.3665191429188092       7.12334776553185E-13     0.3665191429188092       8.660641551425168E-13    0.3665191429188092       7.062063074230076E-13    0.3665191429188092       7.88483664251564E-13     0.3665191429188092
0.3839724354387525        9.372526840399225E-13    0.3839724354387525       8.156953970423707E-13    0.3839724354387525       1.0397682219957007E-12   0.3839724354387525       7.643674963565821E-13    0.3839724354387525       8.488544474924423E-13    0.3839724354387525
0.40142572795869574       1.022712618234294E-12    0.40142572795869574      1.1945953128220886E-12   0.40142572795869574      1.038111839989581E-12    0.40142572795869574      8.243287030936756E-13    0.40142572795869574      8.625770412172726E-13    0.40142572795869574
0.41887902047863906       1.1717934494992041E-12   0.41887902047863906      1.027813151570145E-12    0.41887902047863906      9.34269173066184E-13     0.41887902047863906      8.868092263076333E-13    0.41887902047863906      8.657630214653908E-13    0.41887902047863906
0.4363323129985824        1.1067900547725611E-12   0.4363323129985824       9.872850603061614E-13    0.4363323129985824       9.29139937426731E-13     0.4363323129985824       9.547144719039832E-13    0.4363323129985824       8.938774459991228E-13    0.4363323129985824
0.4537856055185257        1.4099958648466782E-12   0.45378560551852565      1.4333708973499428E-12   0.45378560551852565      1.114596256947719E-12    0.45378560551852565      1.0334185860965013E-12   0.45378560551852565      9.569129749288365E-13    0.45378560551852565
0.47123889803846897       1.2461170919392813E-12   0.4712388980384689       1.343458797952926E-12    0.4712388980384689       1.4093368475126547E-12   0.4712388980384689       1.1247596963980919E-12   0.4712388980384689       1.0474585077292496E-12   0.4712388980384689
0.4886921905584123        1.6339695699364316E-12   0.4886921905584123       1.2239184957434724E-12   0.4886921905584123       1.533158695256431E-12    0.4886921905584123       1.2329613033224123E-12   0.4886921905584123       1.154069590869608E-12    0.4886921905584123
0.5061454830783556        1.4336038054935775E-12   0.5061454830783556       1.7160071224457113E-12   0.5061454830783556       1.394060428108733E-12    0.5061454830783556       1.3572635667705665E-12   0.5061454830783556       1.2696394817551827E-12   0.5061454830783556
0.5235987755982988        1.8404377636760765E-12   0.5235987755982988       1.6122983774584852E-12   0.5235987755982988       1.338161298198268E-12    0.5235987755982988       1.49456787599689E-12     0.5235987755982988       1.3860062325328046E-12   0.5235987755982988
0.5410520681182421        1.6454409735834722E-12   0.5410520681182421       1.5143007745428359E-12   0.5410520681182421       1.5923305260021013E-12   0.5410520681182421       1.6309568576075233E-12   0.5410520681182421       1.5001301806010995E-12   0.5410520681182421
0.5585053606381855        2.044129136464566E-12    0.5585053606381855       2.0593541656510554E-12   0.5585053606381855       1.9359967236218585E-12   0.5585053606381855       1.7471892388334714E-12   0.5585053606381855       1.6064963724677057E-12   0.5585053606381855
0.5759586531581288        1.8605214042543747E-12   0.5759586531581288       1.8083520433550324E-12   0.5759586531581288       1.9010784881211332E-12   0.5759586531581288       1.8174900818297965E-12   0.5759586531581288       1.7073919190765638E-12   0.5759586531581288
0.5934119456780721        2.2605958007300235E-12   0.5934119456780721       1.9116958799207832E-12   0.5934119456780721       1.7097248534086777E-12   0.5934119456780721       1.826638831901713E-12    0.5934119456780721       1.8032144598426487E-12   0.5934119456780721
0.6108652381980153        2.0676134604564086E-12   0.6108652381980153       2.373436224291589E-12    0.6108652381980153       1.936519957230203E-12    0.6108652381980153       1.8140916913417698E-12   0.6108652381980153       1.8945068905429943E-12   0.6108652381980153
0.6283185307179586        2.5013032490913907E-12   0.6283185307179586       1.97349583395624E-12     0.6283185307179586       2.35721701230301E-12     0.6283185307179586       1.865157624742407E-12    0.6283185307179586       1.9767427457041388E-12   0.6283185307179586
0.6457718232379019        2.254623466534625E-12    0.6457718232379019       2.498676939777017E-12    0.6457718232379019       2.248291266033325E-12    0.6457718232379019       2.0386111286619296E-12   0.6457718232379019       2.0489473629624163E-12   0.6457718232379019
0.6632251157578452        2.76598900317762E-12     0.6632251157578452       2.4517303186227815E-12   0.6632251157578452       2.0805660880277413E-12   0.6632251157578452       2.2800375808681985E-12   0.6632251157578452       2.107351336901066E-12    0.6632251157578452
0.6806784082777885        2.43036761003946E-12     0.6806784082777885       2.383347409999006E-12    0.6806784082777885       2.5213297828542487E-12   0.6806784082777885       2.4609969246262064E-12   0.6806784082777885       2.1491751778492095E-12   0.6806784082777885
0.6981317007977318        3.034162424812966E-12    0.6981317007977318       2.9467770097079504E-12   0.6981317007977318       2.7460347870307064E-12   0.6981317007977318       2.4603521162549288E-12   0.6981317007977318       2.1777067770079448E-12   0.6981317007977318
0.715584993317675         2.6278896375718183E-12   0.715584993317675        2.4677626434682776E-12   0.715584993317675        2.3991930528706117E-12   0.715584993317675        2.3590224677462323E-12   0.715584993317675        2.2082378341928962E-12   0.715584993317675
0.7330382858376184        3.2562437749429306E-12   0.7330382858376184       3.1925067814478796E-12   0.7330382858376184       2.7453232221285614E-12   0.7330382858376184       2.4598274315337552E-12   0.7330382858376184       2.2716644643986887E-12   0.7330382858376184
0.7504915783575616        2.924789146496709E-12    0.7504915783575616       2.7671271790231392E-12   0.7504915783575616       3.1168813218812786E-12   0.7504915783575616       2.7930050303076803E-12   0.7504915783575616       2.410855764234213E-12    0.7504915783575616
0.767944870877505         3.3595939790421773E-12   0.767944870877505        3.276746348011117E-12    0.767944870877505        2.6985913866689393E-12   0.767944870877505        2.9867440346121022E-12   0.767944870877505        2.6392484255772606E-12   0.767944870877505
0.7853981633974483        3.3888938045484783E-12   0.7853981633974483       3.1356397851652197E-12   0.7853981633974483       3.1319058985699705E-12   0.7853981633974483       2.824497748951448E-12    0.7853981633974483       2.890591680207875E-12    0.7853981633974483
0.8028514559173915        3.319565384326388E-12    0.8028514559173915       3.360453794225768E-12    0.8028514559173915       3.3657416473482034E-12   0.8028514559173915       2.814939897321909E-12    0.8028514559173915       3.02884201902927E-12     0.8028514559173915
0.8203047484373349        3.900136223576329E-12    0.8203047484373349       3.4667993477589688E-12   0.8203047484373349       2.967695293470889E-12    0.8203047484373349       3.2362160668133776E-12   0.8203047484373349       2.9787515741306357E-12   0.8203047484373349
0.8377580409572781        3.3526409548241944E-12   0.8377580409572781       3.51286847896598E-12     0.8377580409572781       3.681748098076307E-12    0.8377580409572781       3.3600454375150603E-12   0.8377580409572781       2.848308035150191E-12    0.8377580409572781
0.8552113334772214        4.111681233934773E-12    0.8552113334772216       3.7152911110369896E-12   0.8552113334772216       3.3472288150464987E-12   0.8552113334772216       3.0769206707519875E-12   0.8552113334772216       2.9206698795428596E-12   0.8552113334772216
0.8726646259971648        3.874989156951975E-12    0.8726646259971648       3.757773898266453E-12    0.8726646259971648       3.5598450907563205E-12   0.8726646259971648       3.4166887377023742E-12   0.8726646259971648       3.2958788636256256E-12   0.8726646259971648
0.890117918517108         3.865610237861953E-12    0.890117918517108        3.8633141705486475E-12   0.890117918517108        3.907461256569155E-12    0.890117918517108        3.734565955549486E-12    0.890117918517108        3.540440424944423E-12    0.890117918517108
0.9075712110370514        4.582560617602236E-12    0.9075712110370514       4.114337095065075E-12    0.9075712110370514       3.504927679840556E-12    0.9075712110370514       3.3534469744062793E-12   0.9075712110370514       3.3335545730743024E-12   0.9075712110370514
0.9250245035569946        3.916614509010732E-12    0.9250245035569946       3.895075961567467E-12    0.9250245035569946       4.293476607843231E-12    0.9250245035569946       3.769835761133786E-12    0.9250245035569946       3.2326360210214886E-12   0.9250245035569946
0.9424777960769379        4.462884823703233E-12    0.9424777960769379       4.5666696358686615E-12   0.9424777960769379       3.622062783728548E-12    0.9424777960769379       3.965191057318457E-12    0.9424777960769379       3.723810168866491E-12    0.9424777960769379
0.9599310885968813        4.86739679126268E-12     0.9599310885968814       3.885250941205485E-12    0.9599310885968814       4.535433760548655E-12    0.9599310885968814       3.5997726623049926E-12   0.9599310885968814       3.860964855736584E-12    0.9599310885968814
0.9773843811168246        4.137260378930162E-12    0.9773843811168246       4.925872103387513E-12    0.9773843811168246       3.80102322362694E-12     0.9773843811168246       4.299987442876297E-12    0.9773843811168246       3.474761205932769E-12    0.9773843811168246
0.9948376736367678        4.882521777864593E-12    0.9948376736367677       4.125907894315161E-12    0.9948376736367677       4.758705989354439E-12    0.9948376736367677       3.854279223504792E-12    0.9948376736367677       3.914452264810351E-12    0.9948376736367677
1.0122909661567112        5.2398417935529336E-12   1.0122909661567112       4.819381085731252E-12    1.0122909661567112       3.962714485413297E-12    1.0122909661567112       4.292166024670655E-12    1.0122909661567112       4.149567798917214E-12    1.0122909661567112
1.0297442586766543        4.423942674907639E-12    1.0297442586766543       4.91144185748218E-12     1.0297442586766543       4.988783515959403E-12    1.0297442586766543       4.267407540575317E-12    1.0297442586766543       3.683638206437041E-12    1.0297442586766543
1.0471975511965976        5.030620866126115E-12    1.0471975511965976       4.35708040181876E-12     1.0471975511965976       4.152069260694466E-12    1.0471975511965976       4.278329597086677E-12    1.0471975511965976       4.381180361879734E-12    1.0471975511965976
1.064650843716541         5.751536585367209E-12    1.064650843716541        5.506939464529751E-12    1.064650843716541        5.093164647363228E-12    1.064650843716541        4.580641983364094E-12    1.064650843716541        4.085940048814753E-12    1.064650843716541
1.0821041362364843        4.951403238838002E-12    1.0821041362364843       4.790181746037323E-12    1.0821041362364843       4.572108095267808E-12    1.0821041362364843       4.389638692567131E-12    1.0821041362364843       4.197572013705795E-12    1.0821041362364843
1.0995574287564276        4.829849440072024E-12    1.0995574287564276       4.805634143253035E-12    1.0995574287564276       4.830759794809781E-12    1.0995574287564276       4.737897476444636E-12    1.0995574287564276       4.557802403210559E-12    1.0995574287564276
1.117010721276371         5.956137394096369E-12    1.117010721276371        5.8879433995867954E-12   1.117010721276371        5.337486570250207E-12    1.117010721276371        4.661599846478006E-12    1.117010721276371        4.1255965149229616E-12   1.117010721276371
1.1344640137963142        6.032176007086979E-12    1.1344640137963142       4.9951047989686265E-12   1.1344640137963142       4.468175504781571E-12    1.1344640137963142       4.682655422521437E-12    1.1344640137963142       4.849118494369314E-12    1.1344640137963142
1.1519173063162575        5.037357738081316E-12    1.1519173063162575       4.945166865351692E-12    1.1519173063162575       5.657200410695655E-12    1.1519173063162575       5.14788802419922E-12     1.1519173063162575       4.206638537714097E-12    1.1519173063162575
1.1693705988362006        5.165071663452695E-12    1.1693705988362006       6.18936279776418E-12     1.1693705988362006       5.1659643194807375E-12   1.1693705988362006       4.452900808488281E-12    1.1693705988362006       4.994752298773168E-12    1.1693705988362006
1.1868238913561442        6.367694681072847E-12    1.1868238913561442       5.670327516401288E-12    1.1868238913561442       4.768149172713642E-12    1.1868238913561442       5.5710890213995E-12      1.1868238913561442       4.4388004495081865E-12   1.1868238913561442
1.2042771838760873        6.694623584808168E-12    1.2042771838760873       4.829315416824551E-12    1.2042771838760873       6.0515696047085584E-12   1.2042771838760873       4.684688199173051E-12    1.2042771838760873       4.896760924348714E-12    1.2042771838760873
1.2217304763960306        5.720613652784116E-12    1.2217304763960306       5.844853111944114E-12    1.2217304763960306       5.4157948895834695E-12   1.2217304763960306       5.094028324907243E-12    1.2217304763960306       5.001432550843573E-12    1.2217304763960306
1.239183768915974         5.0393262367441746E-12   1.239183768915974        6.718261942564319E-12    1.239183768915974        4.779084440347747E-12    1.239183768915974        5.7879148625127935E-12   1.239183768915974        4.452132871671533E-12    1.239183768915974
1.2566370614359172        5.744434746903356E-12    1.2566370614359172       5.795214138884646E-12    1.2566370614359172       6.074039732006089E-12    1.2566370614359172       4.656062080486832E-12    1.2566370614359172       5.608757563016524E-12    1.2566370614359172
1.2740903539558606        7.019024877851448E-12    1.2740903539558606       4.9319952979659945E-12   1.2740903539558606       6.316565070329136E-12    1.2740903539558606       5.304647745014154E-12    1.2740903539558606       4.612603063803187E-12    1.2740903539558606
1.2915436464758039        7.486031307843732E-12    1.2915436464758039       5.731915760562071E-12    1.2915436464758039       5.052689022587291E-12    1.2915436464758039       6.194294701436933E-12    1.2915436464758039       4.873684276092295E-12    1.2915436464758039
1.3089969389957472        6.743921818792831E-12    1.3089969389957472       7.076333685541435E-12    1.3089969389957472       5.0399148649193264E-12   1.3089969389957472       5.091072738912083E-12    1.3089969389957472       5.91388304266226E-12     1.3089969389957472
1.3264502315156903        5.5629311068736385E-12   1.3264502315156903       7.182676574626882E-12    1.3264502315156903       6.469860626073983E-12    1.3264502315156903       4.7303168468529556E-12   1.3264502315156903       4.8202089304715626E-12   1.3264502315156903
1.3439035240356338        5.005650722954202E-12    1.3439035240356338       6.006031859458644E-12    1.3439035240356338       7.015434892899808E-12    1.3439035240356338       6.09896128072032E-12     1.3439035240356338       4.566785507575369E-12    1.3439035240356338
1.361356816555577         5.516961788283756E-12    1.361356816555577        4.950806461171331E-12    1.361356816555577        5.947129392121781E-12    1.361356816555577        6.6479676241674385E-12   1.361356816555577        5.979792823674345E-12    1.361356816555577
1.3788101090755203        6.775833617204625E-12    1.3788101090755203       5.078512379326759E-12    1.3788101090755203       4.781713497850504E-12    1.3788101090755203       5.511437595925616E-12    1.3788101090755203       6.163314804235105E-12    1.3788101090755203
1.3962634015954636        8.121862288818839E-12    1.3962634015954636       6.292156529994774E-12    1.3962634015954636       4.910586578414447E-12    1.3962634015954636       4.471364479650854E-12    1.3962634015954636       4.817698957249895E-12    1.3962634015954636
1.413716694115407         9.00182810588983E-12     1.413716694115407        7.773041615357862E-12    1.413716694115407        6.243775983038768E-12    1.413716694115407        4.948961747688724E-12    1.413716694115407        4.217536021943355E-12    1.413716694115407
1.43116998663535          9.170722481158148E-12    1.43116998663535         8.727075160310798E-12    1.43116998663535         7.726291253590053E-12    1.43116998663535         6.463333264143648E-12    1.43116998663535         5.2552605019716826E-12   1.43116998663535
1.4486232791552935        8.677922988042753E-12    1.4486232791552935       8.810793651329469E-12    1.4486232791552935       8.454516222143126E-12    1.4486232791552935       7.725158876894604E-12    1.4486232791552935       6.801672432260621E-12    1.4486232791552935
1.4660765716752369        7.741326487100348E-12    1.4660765716752369       8.127606308068134E-12    1.4660765716752369       8.190234582627643E-12    1.4660765716752369       7.975587261053296E-12    1.4660765716752369       7.557173748411322E-12    1.4660765716752369
1.4835298641951802        6.6178552596852315E-12   1.4835298641951802       7.007366272952443E-12    1.4835298641951802       7.2105081831421E-12      1.4835298641951802       7.253532494955891E-12    1.4835298641951802       7.164851936413631E-12    1.4835298641951802
1.5009831567151233        5.520604308010393E-12    1.5009831567151233       5.78425725165627E-12     1.5009831567151233       5.945888420441786E-12    1.5009831567151233       6.026135495663827E-12    1.5009831567151233       6.0284292752848445E-12   1.5009831567151233
1.5184364492350666        4.590287363274031E-12    1.5184364492350666       4.697195059682773E-12    1.5184364492350666       4.747533460047663E-12    1.5184364492350666       4.756058058574718E-12    1.5184364492350666       4.7202751397798844E-12   1.5184364492350666
1.53588974175501          3.901482035845938E-12    1.53588974175501         3.876777912280201E-12    1.53588974175501         3.819127773793868E-12    1.53588974175501         3.7396193741666816E-12   1.53588974175501         3.6373049367877315E-12   1.53588974175501
1.5533430342749535        3.483170145111335E-12    1.5533430342749535       3.3751275991686E-12      1.5533430342749535       3.2472309695371856E-12   1.5533430342749535       3.1063235001096314E-12   1.5533430342749535       2.9563641601497005E-12   1.5533430342749535
1.5707963267948966        3.343314190419995E-12    1.5707963267948966       3.2073766665605328E-12   1.5707963267948966       3.0551653346063606E-12   1.5707963267948966       2.893921710534737E-12    1.5707963267948966       2.727526350102666E-12    1.5707963267948966
1.5882496193148399        3.4831419869844815E-12   1.5882496193148399       3.3748350898011488E-12   1.5882496193148399       3.2473165701574557E-12   1.5882496193148399       3.1061105449359073E-12   1.5882496193148399       2.9554794150165923E-12   1.5882496193148399
1.605702911834783         3.901506086778064E-12    1.605702911834783        3.876142166114934E-12    1.605702911834783        3.820018117898212E-12    1.605702911834783        3.738442516945891E-12    1.605702911834783        3.6373098959507533E-12   1.605702911834783
1.6231562043547263        4.590998992259259E-12    1.6231562043547263       4.697110273229098E-12    1.6231562043547263       4.749077060894382E-12    1.6231562043547263       4.756166379034035E-12    1.6231562043547263       4.72179972767408E-12     1.6231562043547263
1.6406094968746698        5.521182033463353E-12    1.6406094968746698       5.784679248523935E-12    1.6406094968746698       5.947340353247051E-12    1.6406094968746698       6.026040288242588E-12    1.6406094968746698       6.0289705808267736E-12   1.6406094968746698
1.6580627893946132        6.61671075510336E-12     1.6580627893946132       7.007938626757598E-12    1.6580627893946132       7.211011711685209E-12    1.6580627893946132       7.253771732099276E-12    1.6580627893946132       7.163308765638074E-12    1.6580627893946132
1.6755160819145563        7.7392863761674E-12      1.6755160819145563       8.128449550956798E-12    1.6755160819145563       8.189496893572904E-12    1.6755160819145563       7.974439818527854E-12    1.6755160819145563       7.5563070473665E-12      1.6755160819145563
1.6929693744344996        8.677069070614383E-12    1.6929693744344996       8.810512185188735E-12    1.6929693744344996       8.452138859397703E-12    1.6929693744344996       7.726369293457728E-12    1.6929693744344996       6.802013376321585E-12    1.6929693744344996
1.710422666954443         9.170863258782845E-12    1.710422666954443        8.727242025300488E-12    1.710422666954443        7.724134536184191E-12    1.710422666954443        6.4634318585530975E-12   1.710422666954443        5.257596794408668E-12    1.710422666954443
1.7278759594743864        9.001372947943361E-12    1.7278759594743864       7.772865051825885E-12    1.7278759594743864       6.241897521150087E-12    1.7278759594743864       4.948576076194655E-12    1.7278759594743864       4.218301461959408E-12    1.7278759594743864
1.7453292519943295        8.12104851748177E-12     1.7453292519943295       6.2911765552269106E-12   1.7453292519943295       4.908729460609474E-12    1.7453292519943295       4.471530578832574E-12    1.7453292519943295       4.81931043606764E-12     1.7453292519943295
1.7627825445142729        6.774945376034087E-12    1.7627825445142729       5.077252610818647E-12    1.7627825445142729       4.779187826343369E-12    1.7627825445142729       5.51135075202228E-12     1.7627825445142729       6.1657004976358905E-12   1.7627825445142729
1.780235837034216         5.5160487532105265E-12   1.780235837034216        4.950553602203295E-12    1.780235837034216        5.9451305357916435E-12   1.780235837034216        6.6491899246430855E-12   1.780235837034216        5.9799684171689886E-12   1.780235837034216
1.7976891295541593        5.0045586806540665E-12   1.7976891295541593       6.005632040314098E-12    1.7976891295541593       7.0164253926423205E-12   1.7976891295541593       6.100536815995132E-12    1.7976891295541593       4.566216825697763E-12    1.7976891295541593
1.8151424220741028        5.561675465715498E-12    1.8151424220741028       7.1820395371147185E-12   1.8151424220741028       6.472642215988871E-12    1.8151424220741028       4.732470638684394E-12    1.8151424220741028       4.820151013344447E-12    1.8151424220741028
1.8325957145940461        6.742597952448812E-12    1.8325957145940461       7.075952135055609E-12    1.8325957145940461       5.043212976581547E-12    1.8325957145940461       5.0928294375016195E-12   1.8325957145940461       5.914464681172884E-12    1.8325957145940461
1.8500490071139892        7.484861490948293E-12    1.8500490071139892       5.731802140644412E-12    1.8500490071139892       5.0554346449266415E-12   1.8500490071139892       6.1944281539277925E-12   1.8500490071139892       4.873507838524864E-12    1.8500490071139892
1.8675022996339325        7.0184106335058535E-12   1.8675022996339325       4.93142526742419E-12     1.8675022996339325       6.321237481948499E-12    1.8675022996339325       5.304903090719259E-12    1.8675022996339325       4.6117144820964335E-12   1.8675022996339325
1.8849555921538759        5.744000419416482E-12    1.8849555921538759       5.7947041706172675E-12   1.8849555921538759       6.079202080461387E-12    1.8849555921538759       4.656579553361117E-12    1.8849555921538759       5.60894602973368E-12     1.8849555921538759
1.902408884673819         5.039150241596831E-12    1.902408884673819        6.7181743094731994E-12   1.902408884673819        4.78157478884544E-12     1.902408884673819        5.787622252340518E-12    1.902408884673819        4.452947810988979E-12    1.902408884673819
1.9198621771937625        5.720247418451801E-12    1.9198621771937625       5.844835837003068E-12    1.9198621771937625       5.4155878759105586E-12   1.9198621771937625       5.091352726858941E-12    1.9198621771937625       5.0005538786944975E-12   1.9198621771937625
1.9373154697137058        6.694508800278981E-12    1.9373154697137058       4.830379071909536E-12    1.9373154697137058       6.051566534836042E-12    1.9373154697137058       4.6840125426009645E-12   1.9373154697137058       4.897325063263729E-12    1.9373154697137058
1.9547687622336491        6.368229003221932E-12    1.9547687622336491       5.6708013499574935E-12   1.9547687622336491       4.768118390406415E-12    1.9547687622336491       5.570072041470317E-12    1.9547687622336491       4.4400646183081345E-12   1.9547687622336491
1.9722220547535922        5.166242789289045E-12    1.9722220547535922       6.190013646640768E-12    1.9722220547535922       5.164082579997074E-12    1.9722220547535922       4.4514316847979236E-12   1.9722220547535922       4.993708402007708E-12    1.9722220547535922
1.9896753472735356        5.038869713504751E-12    1.9896753472735356       4.9456141918787015E-12   1.9896753472735356       5.6553480282001035E-12   1.9896753472735356       5.1462809001789205E-12   1.9896753472735356       4.205379158754263E-12    1.9896753472735356
2.007128639793479         6.0335752114035675E-12   2.007128639793479        4.99423321400279E-12     2.007128639793479        4.466690263130316E-12    2.007128639793479        4.682885118641058E-12    2.007128639793479        4.851421160875722E-12    2.007128639793479
2.0245819323134224        5.956967682760047E-12    2.0245819323134224       5.8880060194201144E-12   2.0245819323134224       5.336236851255323E-12    2.0245819323134224       4.6634475593913035E-12   2.0245819323134224       4.126389334267661E-12    2.0245819323134224
2.0420352248333655        4.8300398244076625E-12   2.0420352248333655       4.806326957384515E-12    2.0420352248333655       4.8303364246175475E-12   2.0420352248333655       4.738404369767622E-12    2.0420352248333655       4.558890668474623E-12    2.0420352248333655
2.0594885173533086        4.950655850562242E-12    2.0594885173533086       4.7902371247835226E-12   2.0594885173533086       4.569107823705344E-12    2.0594885173533086       4.390289785710972E-12    2.0594885173533086       4.197039214810401E-12    2.0594885173533086
2.076941809873252         5.7504230565961E-12      2.076941809873252        5.5071627020856E-12      2.076941809873252        5.090242684057875E-12    2.076941809873252        4.582473994267207E-12    2.076941809873252        4.0852691366486505E-12   2.076941809873252
2.0943951023931953        5.0298046967467654E-12   2.0943951023931953       4.357750034738994E-12    2.0943951023931953       4.150026087942709E-12    2.0943951023931953       4.280229796508786E-12    2.0943951023931953       4.379758631449964E-12    2.0943951023931953
2.111848394913139         4.423068779936893E-12    2.111848394913139        4.911908489122313E-12    2.111848394913139        4.988207062432318E-12    2.111848394913139        4.270254762307859E-12    2.111848394913139        3.682641648774025E-12    2.111848394913139
2.129301687433082         5.240622654138447E-12    2.129301687433082        4.82035056099416E-12     2.129301687433082        3.9626600172742914E-12   2.129301687433082        4.291753610840146E-12    2.129301687433082        4.149917490644999E-12    2.129301687433082
2.1467549799530254        4.88494670571842E-12     2.1467549799530254       4.127250118478192E-12    2.1467549799530254       4.758416437058083E-12    2.1467549799530254       3.8531963026227474E-12   2.1467549799530254       3.9161910179950164E-12   2.1467549799530254
2.1642082724729685        4.138837546117189E-12    2.1642082724729685       4.928683871729755E-12    2.1642082724729685       3.802385065107886E-12    2.1642082724729685       4.2988701443990675E-12   2.1642082724729685       3.4783025339941065E-12   2.1642082724729685
2.1816615649929116        4.868755978082576E-12    2.1816615649929116       3.889007514060342E-12    2.1816615649929116       4.537900553658312E-12    2.1816615649929116       3.5985049760094896E-12   2.1816615649929116       3.863409690752602E-12    2.1816615649929116
2.199114857512855         4.4643934128668216E-12   2.199114857512855        4.570344827349863E-12    2.199114857512855        3.6256469404697875E-12   2.199114857512855        3.9680128062654765E-12   2.199114857512855        3.726829647187788E-12    2.199114857512855
2.2165681500327987        3.917245148774894E-12    2.2165681500327987       3.89881990461531E-12     2.2165681500327987       4.2987031025195946E-12   2.2165681500327987       3.774183790946264E-12    2.2165681500327987       3.2382918802375636E-12   2.2165681500327987
2.234021442552742         4.583034591925003E-12    2.234021442552742        4.117948335583443E-12    2.234021442552742        3.510750476063426E-12    2.234021442552742        3.358454072861885E-12    2.234021442552742        3.3415466736581787E-12   2.234021442552742
2.251474735072685         3.866984400292335E-12    2.251474735072685        3.866832916226484E-12    2.251474735072685        3.9143031238308216E-12   2.251474735072685        3.739173013905803E-12    2.251474735072685        3.5459044338900964E-12   2.251474735072685
2.2689280275926285        3.876664564867094E-12    2.2689280275926285       3.761258779251463E-12    2.2689280275926285       3.5663908088168876E-12   2.2689280275926285       3.4209915120403118E-12   2.2689280275926285       3.3008011157054417E-12   2.2689280275926285
2.286381320112572         4.113569473110046E-12    2.286381320112572        3.7182999123555326E-12   2.286381320112572        3.352739855075585E-12    2.286381320112572        3.0802171782252907E-12   2.286381320112572        2.922596447158968E-12    2.286381320112572
2.303834612632515         3.3546693350482014E-12   2.303834612632515        3.5141691721083782E-12   2.303834612632515        3.685558819413389E-12    2.303834612632515        3.363714392330224E-12    2.303834612632515        2.852116385394539E-12    2.303834612632515
2.321287905152458         3.901378807107554E-12    2.321287905152458        3.4669537324360722E-12   2.321287905152458        2.9711532752480728E-12   2.321287905152458        3.2381040081490457E-12   2.321287905152458        2.9822606103749514E-12   2.321287905152458
2.3387411976724013        3.3198239073706673E-12   2.3387411976724013       3.3607231271666038E-12   2.3387411976724013       3.367273226936362E-12    2.3387411976724013       2.814531840602343E-12    2.3387411976724013       3.0303745369343498E-12   2.3387411976724013
2.356194490192345         3.389123106991867E-12    2.356194490192345        3.135774198540918E-12    2.356194490192345        3.130224559245729E-12    2.356194490192345        2.823859051428657E-12    2.356194490192345        2.8892880141032083E-12   2.356194490192345
2.3736477827122884        3.3589183180848677E-12   2.3736477827122884       3.276903348381571E-12    2.3736477827122884       2.6947856184106134E-12   2.3736477827122884       2.986075448484634E-12    2.3736477827122884       2.6357632947801013E-12   2.3736477827122884
2.3911010752322315        2.923656299161589E-12    2.3911010752322315       2.7657287239604555E-12   2.3911010752322315       3.111469910662558E-12    2.3911010752322315       2.7911620489017844E-12   2.3911010752322315       2.4079566218730592E-12   2.3911010752322315
2.4085543677521746        3.254347719143036E-12    2.4085543677521746       3.1918937129089953E-12   2.4085543677521746       2.7411714096905385E-12   2.4085543677521746       2.455969531412063E-12    2.4085543677521746       2.2689449291686896E-12   2.4085543677521746
2.426007660272118         2.6256346378957896E-12   2.426007660272118        2.464736445788611E-12    2.426007660272118        2.396057593006431E-12    2.426007660272118        2.3540252991712926E-12   2.426007660272118        2.2038170396794445E-12   2.426007660272118
2.443460952792061         3.0327271268928034E-12   2.443460952792061        2.942401347639786E-12    2.443460952792061        2.742887517116574E-12    2.443460952792061        2.455907172360325E-12    2.443460952792061        2.1723528091390886E-12   2.443460952792061
2.4609142453120043        2.4284449154259007E-12   2.4609142453120043       2.379690813109625E-12    2.4609142453120043       2.5203361755670775E-12   2.4609142453120043       2.45590858063691E-12     2.4609142453120043       2.1430997884763654E-12   2.4609142453120043
2.478367537831948         2.7639706732430167E-12   2.478367537831948        2.4485083646805506E-12   2.478367537831948        2.0783330024406075E-12   2.478367537831948        2.2749669843998254E-12   2.478367537831948        2.1025356120056064E-12   2.478367537831948
2.4958208303518914        2.252703156030825E-12    2.4958208303518914       2.4964474538057405E-12   2.4958208303518914       2.248568146033752E-12    2.4958208303518914       2.033898557776139E-12    2.4958208303518914       2.044991252766666E-12    2.4958208303518914
2.5132741228718345        2.499788129047384E-12    2.5132741228718345       1.9710910789538882E-12   2.5132741228718345       2.3582771106952566E-12   2.5132741228718345       1.8642482924535215E-12   2.5132741228718345       1.9746658927740415E-12   2.5132741228718345
2.5307274153917776        2.0658833528544743E-12   2.5307274153917776       2.3725507755726385E-12   2.5307274153917776       1.937170838762372E-12    2.5307274153917776       1.812722819806747E-12    2.5307274153917776       1.8921059596361264E-12   2.5307274153917776
2.548180707911721         2.26053079129189E-12     2.548180707911721        1.9109530485443118E-12   2.548180707911721        1.7106835449149827E-12   2.548180707911721        1.8261175281898153E-12   2.548180707911721        1.8016470064718462E-12   2.548180707911721
2.5656340004316647        1.8602694495219645E-12   2.5656340004316647       1.8094614474341967E-12   2.5656340004316647       1.902024181074119E-12    2.5656340004316647       1.8171117861532043E-12   2.5656340004316647       1.7060517649677237E-12   2.5656340004316647
2.5830872929516078        2.043955425649341E-12    2.5830872929516078       2.0612600538528438E-12   2.5830872929516078       1.9369035912465983E-12   2.5830872929516078       1.7478413431006595E-12   2.5830872929516078       1.6045316813799352E-12   2.5830872929516078
2.600540585471551         1.6448394748195934E-12   2.600540585471551        1.5140577789224647E-12   2.600540585471551        1.5906824389558468E-12   2.600540585471551        1.630128736820159E-12    2.600540585471551        1.4993266985735169E-12   2.600540585471551
2.6179938779914944        1.8418058248203817E-12   2.6179938779914944       1.6126165466400255E-12   2.6179938779914944       1.3372058955367747E-12   2.6179938779914944       1.493268029067603E-12    2.6179938779914944       1.3855717221131925E-12   2.6179938779914944
2.6354471705114375        1.4338475629180522E-12   2.6354471705114375       1.7167769954206461E-12   2.6354471705114375       1.393116187235452E-12    2.6354471705114375       1.3566509822906395E-12   2.6354471705114375       1.2701977393479761E-12   2.6354471705114375
2.6529004630313806        1.6350047152064476E-12   2.6529004630313806       1.2237963461875805E-12   2.6529004630313806       1.5318268593497692E-12   2.6529004630313806       1.2320779752332768E-12   2.6529004630313806       1.1544269227191924E-12   2.6529004630313806
2.670353755551324         1.2470667865337079E-12   2.670353755551324        1.3429053325783847E-12   2.670353755551324        1.4064043218445623E-12   2.670353755551324        1.1237825187215195E-12   2.670353755551324        1.046232664839219E-12    2.670353755551324
2.6878070480712677        1.4106825861841813E-12   2.6878070480712677       1.4334310403406148E-12   2.6878070480712677       1.1135902268144876E-12   2.6878070480712677       1.0328971281969349E-12   2.6878070480712677       9.551747806490228E-13    2.6878070480712677
2.705260340591211         1.1066480594114916E-12   2.705260340591211        9.875147863099367E-13    2.705260340591211        9.287344430826803E-13    2.705260340591211        9.554991688418738E-13    2.705260340591211        8.937782310708801E-13    2.705260340591211
2.722713633111154         1.1720536023450264E-12   2.722713633111154        1.0282544768466324E-12   2.722713633111154        9.33718973052062E-13     2.722713633111154        8.866570669365407E-13    2.722713633111154        8.657497959397239E-13    2.722713633111154
2.740166925631097         1.0222181130679061E-12   2.740166925631097        1.1949090315440139E-12   2.740166925631097        1.0384635197718326E-12   2.740166925631097        8.239325489744806E-13    2.740166925631097        8.619188459356612E-13    2.740166925631097
2.7576202181510405        9.36698736999535E-13     2.7576202181510405       8.154532374398563E-13    2.7576202181510405       1.0390015196665466E-12   2.7576202181510405       7.640675763808872E-13    2.7576202181510405       8.486552469310988E-13    2.7576202181510405
2.775073510670984         9.52715248410562E-13     2.775073510670984        7.111964976993811E-13    2.775073510670984        8.657543040892918E-13    2.775073510670984        7.0601242939119E-13      2.775073510670984        7.883413998748992E-13    2.775073510670984
2.792526803190927         7.239244026447275E-13    2.792526803190927        9.222454611831255E-13    2.792526803190927        6.538811272326518E-13    2.792526803190927        6.472713405302211E-13    2.792526803190927        6.790908030364351E-13    2.792526803190927
2.8099800957108703        8.174469563582612E-13    2.8099800957108703       7.312135882278161E-13    2.8099800957108703       5.208442469141648E-13    2.8099800957108703       5.890839272086222E-13    2.8099800957108703       5.58853249805617E-13     2.8099800957108703
2.827433388230814         5.654912871557742E-13    2.827433388230814        4.717968195644661E-13    2.827433388230814        4.852410000370147E-13    2.827433388230814        5.308908221427181E-13    2.827433388230814        4.643163168714725E-13    2.827433388230814
2.844886680750757         6.22571745692654E-13     2.844886680750757        5.731171929592219E-13    2.844886680750757        5.291001085409301E-13    2.844886680750757        4.735061825387331E-13    2.844886680750757        4.1467026976955715E-13   2.844886680750757
2.8623399732707           5.147782844597198E-13    2.8623399732707          6.643593112381863E-13    2.8623399732707          5.853186226625946E-13    2.8623399732707          4.181001732237067E-13    2.8623399732707          4.2516019722929275E-13   2.8623399732707
2.8797932657906435        4.5165390999346077E-13   2.8797932657906435       3.7011039256090717E-13   2.8797932657906435       5.627907804375633E-13    2.8797932657906435       3.625543411606282E-13    2.8797932657906435       4.394586347909605E-13    2.8797932657906435
2.897246558310587         4.902904976190352E-13    2.897246558310587        2.8066828937276743E-13   2.897246558310587        4.444713258854964E-13    2.897246558310587        3.115092167522781E-13    2.897246558310587        3.7367278172759634E-13   2.897246558310587
2.9146998508305306        3.052230322259445E-13    2.9146998508305306       4.2105155134546727E-13   2.9146998508305306       3.0016121056665126E-13   2.9146998508305306       2.642918442504683E-13    2.9146998508305306       2.7057774853840746E-13   2.9146998508305306
2.9321531433504737        3.4578920037478024E-13   2.9321531433504737       3.9884177800451725E-13   2.9321531433504737       1.977880741782172E-13    2.9321531433504737       2.221014713221686E-13    2.9321531433504737       2.013768406588928E-13    2.9321531433504737
2.949606435870417         2.2760770333252965E-13   2.949606435870417        1.605279343804254E-13    2.949606435870417        1.4486389629409604E-13   2.949606435870417        1.864886799532829E-13    2.949606435870417        1.6953341265309098E-13   2.949606435870417
2.9670597283903604        2.1866648698438825E-13   2.9670597283903604       1.3820166887156027E-13   2.9670597283903604       1.232793372175731E-13    2.9670597283903604       1.5735085284113677E-13   2.9670597283903604       2.0171076446326087E-13   2.9670597283903604
2.9845130209103035        2.6159461769807525E-13   2.9845130209103035       2.7310662619313847E-13   2.9845130209103035       1.328477066056209E-13    2.9845130209103035       1.3500563881919607E-13   2.9845130209103035       2.0093029253455793E-13   2.9845130209103035
3.0019663134302466        1.4683424989897105E-13   3.0019663134302466       2.133523247499923E-13    3.0019663134302466       1.7442389868238497E-13   3.0019663134302466       1.1778254588042203E-13   3.0019663134302466       1.126986939897436E-13    3.0019663134302466
3.01941960595019          1.5384821306741692E-13   3.01941960595019         5.281961062623958E-14    3.01941960595019         2.1366913235853977E-13   3.01941960595019         1.0355604023161448E-13   3.01941960595019         7.523388104152631E-14    3.01941960595019
3.036872898470133         6.524089778312226E-14    3.036872898470133        4.484867928527875E-14    3.036872898470133        1.9801404005929615E-13   3.036872898470133        8.738118405239858E-14    3.036872898470133        4.657512765594577E-14    3.036872898470133
3.0543261909900763        8.508893565988432E-14    3.0543261909900763       1.688001601838272E-13    3.0543261909900763       1.2030590600282446E-13   3.0543261909900763       6.750524546747455E-14    3.0543261909900763       7.458851935973434E-14    3.0543261909900763
3.07177948351002          1.9083800801080346E-13   3.07177948351002         1.2124088400552865E-13   3.07177948351002         3.538822861454934E-14    3.07177948351002         4.4075299473635723E-14   3.07177948351002         1.0704447474319074E-13   3.07177948351002
3.0892327760299634        1.5662438543379956E-13   3.0892327760299634       5.21170076457129E-14     3.0892327760299634       2.0986962786412447E-14   3.0892327760299634       2.11850305028223E-14     3.0892327760299634       1.6231147637171993E-14   3.0892327760299634
3.106686068549907         9.93238881496478E-14     3.106686068549907        6.470155895080691E-14    3.106686068549907        1.1277663853439922E-13   3.106686068549907        1.0058707953385019E-14   3.106686068549907        9.406513622358844E-14    3.106686068549907
3.12413936106985          2.9720312111543363E-15   3.12413936106985         2.9421877177816467E-13   3.12413936106985         2.9776268361521004E-13   3.12413936106985         4.4914516286772676E-14   3.12413936106985         5.769619798861448E-14    3.12413936106985
3.141592653589793         5.933755262973147E-40    3.141592653589793        8.74630730549657E-40     3.141592653589793        1.2273700995668352E-39   3.141592653589793        1.5629033080426648E-39   3.141592653589793        1.918372179347596E-39    3.141592653589793
3.159045946109736         2.9720312111575868E-15   3.1241393610698505       2.9421877177813897E-13   3.1241393610698505       2.977626836152277E-13    3.1241393610698505       4.4914516286791583E-14   3.1241393610698505       5.769619798859417E-14    3.1241393610698505
3.1764992386296798        9.932388814966126E-14    3.106686068549907        6.470155895079663E-14    3.106686068549907        1.1277663853440395E-13   3.106686068549907        1.0058707953383772E-14   3.106686068549907        9.406513622358266E-14    3.106686068549907
3.193952531149623         1.566243854337938E-13    3.089232776029964        5.211700764570595E-14    3.089232776029964        2.098696278640824E-14    3.089232776029964        2.118503050281847E-14    3.089232776029964        1.6231147637171346E-14   3.089232776029964
3.211405823669566         1.9083800801081537E-13   3.0717794835100207       1.2124088400555832E-13   3.0717794835100207       3.538822861456634E-14    3.0717794835100207       4.407529947362199E-14    3.0717794835100207       1.0704447474317622E-13   3.0717794835100207
3.2288591161895095        8.508893565989742E-14    3.054326190990077        1.6880016018380156E-13   3.054326190990077        1.2030590600284953E-13   3.054326190990077        6.750524546746183E-14    3.054326190990077        7.458851935975552E-14    3.054326190990077
3.2463124087094526        6.524089778311756E-14    3.036872898470134        4.484867928527723E-14    3.036872898470134        1.9801404005932874E-13   3.036872898470134        8.73811840524102E-14     3.036872898470134        4.6575127655934386E-14   3.036872898470134
3.2637657012293966        1.5384821306742098E-13   3.01941960595019         5.281961062624049E-14    3.01941960595019         2.136691323585474E-13    3.01941960595019         1.0355604023161357E-13   3.01941960595019         7.523388104152523E-14    3.01941960595019
3.2812189937493397        1.468342498989744E-13    3.001966313430247        2.1335232475000564E-13   3.001966313430247        1.7442389868239434E-13   3.001966313430247        1.1778254588043725E-13   3.001966313430247        1.1269869398974135E-13   3.001966313430247
3.2986722862692828        2.6159461769807566E-13   2.984513020910304        2.731066261931321E-13    2.984513020910304        1.3284770660561377E-13   2.984513020910304        1.3500563881919915E-13   2.984513020910304        2.0093029253454998E-13   2.984513020910304
3.3161255787892263        2.1866648698439148E-13   2.9670597283903604       1.3820166887156805E-13   2.9670597283903604       1.2327933721757798E-13   2.9670597283903604       1.5735085284112972E-13   2.9670597283903604       2.0171076446324583E-13   2.9670597283903604
3.3335788713091694        2.276077033325331E-13    2.9496064358704173       1.6052793438042874E-13   2.9496064358704173       1.4486389629409482E-13   2.9496064358704173       1.86488679953284E-13     2.9496064358704173       1.6953341265309065E-13   2.9496064358704173
3.3510321638291125        3.4578920037477484E-13   2.932153143350474        3.9884177800452623E-13   2.932153143350474        1.9778807417821813E-13   2.932153143350474        2.2210147132217322E-13   2.932153143350474        2.0137684065888562E-13   2.932153143350474
3.368485456349056         3.052230322259482E-13    2.9146998508305306       4.2105155134548534E-13   2.9146998508305306       3.0016121056664677E-13   2.9146998508305306       2.642918442504629E-13    2.9146998508305306       2.705777485384218E-13    2.9146998508305306
3.385938748868999         4.902904976190234E-13    2.8972465583105875       2.8066828937276975E-13   2.8972465583105875       4.4447132588550036E-13   2.8972465583105875       3.1150921675226633E-13   2.8972465583105875       3.7367278172760467E-13   2.8972465583105875
3.4033920413889422        4.516539099934517E-13    2.8797932657906444       3.701103925609312E-13    2.8797932657906444       5.627907804375827E-13    2.8797932657906444       3.625543411605958E-13    2.8797932657906444       4.394586347909869E-13    2.8797932657906444
3.420845333908886         5.147782844597398E-13    2.862339973270701        6.643593112381865E-13    2.862339973270701        5.853186226625579E-13    2.862339973270701        4.1810017322369724E-13   2.862339973270701        4.2516019722929956E-13   2.862339973270701
3.438298626428829         6.225717456926428E-13    2.8448866807507573       5.731171929591864E-13    2.8448866807507573       5.291001085408805E-13    2.8448866807507573       4.73506182538712E-13     2.8448866807507573       4.1467026976954493E-13   2.8448866807507573
3.455751918948773         5.654912871557715E-13    2.827433388230814        4.717968195644687E-13    2.827433388230814        4.852410000370187E-13    2.827433388230814        5.308908221427184E-13    2.827433388230814        4.643163168714717E-13    2.827433388230814
3.473205211468716         8.174469563582721E-13    2.8099800957108707       7.312135882278252E-13    2.8099800957108707       5.208442469141662E-13    2.8099800957108707       5.890839272086298E-13    2.8099800957108707       5.588532498056131E-13    2.8099800957108707
3.490658503988659         7.239244026447271E-13    2.7925268031909276       9.222454611831331E-13    2.7925268031909276       6.538811272326558E-13    2.7925268031909276       6.472713405302292E-13    2.7925268031909276       6.790908030364268E-13    2.7925268031909276
3.5081117965086026        9.527152484105752E-13    2.775073510670984        7.111964976993911E-13    2.775073510670984        8.657543040892947E-13    2.775073510670984        7.060124293912015E-13    2.775073510670984        7.883413998749013E-13    2.775073510670984
3.5255650890285457        9.366987369995225E-13    2.757620218151041        8.154532374398543E-13    2.757620218151041        1.0390015196665488E-12   2.757620218151041        7.640675763808825E-13    2.757620218151041        8.486552469310869E-13    2.757620218151041
3.543018381548489         1.0222181130679314E-12   2.7401669256310974       1.1949090315440014E-12   2.7401669256310974       1.0384635197718142E-12   2.7401669256310974       8.239325489744479E-13    2.7401669256310974       8.619188459356879E-13    2.7401669256310974
3.560471674068432         1.172053602345006E-12    2.7227136331111548       1.0282544768465983E-12   2.7227136331111548       9.33718973052023E-13     2.7227136331111548       8.866570669365392E-13    2.7227136331111548       8.657497959397236E-13    2.7227136331111548
3.5779249665883754        1.1066480594114898E-12   2.7052603405912112       9.875147863099285E-13    2.7052603405912112       9.287344430826692E-13    2.7052603405912112       9.55499168841859E-13     2.7052603405912112       8.937782310708843E-13    2.7052603405912112
3.5953782591083185        1.410682586184163E-12    2.687807048071268        1.4334310403406268E-12   2.687807048071268        1.1135902268144609E-12   2.687807048071268        1.0328971281969678E-12   2.687807048071268        9.551747806490555E-13    2.687807048071268
3.6128315516282616        1.247066786533681E-12    2.670353755551325        1.342905332578337E-12    2.670353755551325        1.406404321844581E-12    2.670353755551325        1.1237825187215202E-12   2.670353755551325        1.0462326648392078E-12   2.670353755551325
3.6302848441482056        1.6350047152064549E-12   2.652900463031381        1.2237963461875936E-12   2.652900463031381        1.531826859349701E-12    2.652900463031381        1.2320779752332948E-12   2.652900463031381        1.1544269227191997E-12   2.652900463031381
3.6477381366681487        1.433847562918057E-12    2.635447170511438        1.7167769954206617E-12   2.635447170511438        1.3931161872354204E-12   2.635447170511438        1.3566509822906296E-12   2.635447170511438        1.2701977393479486E-12   2.635447170511438
3.6651914291880923        1.841805824820382E-12    2.6179938779914944       1.6126165466400336E-12   2.6179938779914944       1.3372058955367666E-12   2.6179938779914944       1.4932680290675892E-12   2.6179938779914944       1.3855717221131953E-12   2.6179938779914944
3.6826447217080354        1.6448394748195787E-12   2.6005405854715513       1.5140577789224846E-12   2.6005405854715513       1.5906824389558692E-12   2.6005405854715513       1.6301287368201481E-12   2.6005405854715513       1.4993266985735122E-12   2.6005405854715513
3.7000980142279785        2.0439554256493484E-12   2.5830872929516078       2.0612600538528373E-12   2.5830872929516078       1.9369035912466084E-12   2.5830872929516078       1.7478413431006666E-12   2.5830872929516078       1.6045316813799184E-12   2.5830872929516078
3.717551306747922         1.86026944952197E-12     2.5656340004316647       1.8094614474342136E-12   2.5656340004316647       1.9020241810741233E-12   2.5656340004316647       1.8171117861532047E-12   2.5656340004316647       1.706051764967721E-12    2.5656340004316647
3.735004599267865         2.2605307912919004E-12   2.548180707911721        1.9109530485443223E-12   2.548180707911721        1.7106835449149839E-12   2.548180707911721        1.8261175281898024E-12   2.548180707911721        1.8016470064718488E-12   2.548180707911721
3.752457891787808         2.065883352854449E-12    2.530727415391778        2.372550775572632E-12    2.530727415391778        1.937170838762414E-12    2.530727415391778        1.8127228198067444E-12   2.530727415391778        1.892105959636123E-12    2.530727415391778
3.7699111843077517        2.499788129047404E-12    2.5132741228718345       1.971091078953876E-12    2.5132741228718345       2.3582771106952497E-12   2.5132741228718345       1.864248292453547E-12    2.5132741228718345       1.9746658927740407E-12   2.5132741228718345
3.787364476827695         2.252703156030806E-12    2.4958208303518914       2.496447453805756E-12    2.4958208303518914       2.2485681460337377E-12   2.4958208303518914       2.0338985577761594E-12   2.4958208303518914       2.044991252766693E-12    2.4958208303518914
3.804817769347638         2.7639706732430377E-12   2.4783675378319483       2.4485083646805037E-12   2.4783675378319483       2.078333002440563E-12    2.4783675378319483       2.2749669843998315E-12   2.4783675378319483       2.1025356120056044E-12   2.4783675378319483
3.822271061867582         2.428444915425882E-12    2.4609142453120043       2.379690813109616E-12    2.4609142453120043       2.5203361755671454E-12   2.4609142453120043       2.4559085806369097E-12   2.4609142453120043       2.143099788476371E-12    2.4609142453120043
3.839724354387525         3.0327271268928042E-12   2.4434609527920617       2.9424013476397537E-12   2.4434609527920617       2.7428875171165285E-12   2.4434609527920617       2.455907172360309E-12    2.4434609527920617       2.172352809139041E-12    2.4434609527920617
3.8571776469074686        2.625634637895802E-12    2.426007660272118        2.4647364457886214E-12   2.426007660272118        2.3960575930064626E-12   2.426007660272118        2.354025299171288E-12    2.426007660272118        2.203817039679442E-12    2.426007660272118
3.8746309394274117        3.2543477191430217E-12   2.408554367752175        3.191893712909026E-12    2.408554367752175        2.74117140969055E-12     2.408554367752175        2.4559695314120773E-12   2.408554367752175        2.2689449291687106E-12   2.408554367752175
3.8920842319473548        2.9236562991615955E-12   2.3911010752322315       2.7657287239604527E-12   2.3911010752322315       3.1114699106625498E-12   2.3911010752322315       2.791162048901816E-12    2.3911010752322315       2.407956621873108E-12    2.3911010752322315
3.9095375244672983        3.358918318084868E-12    2.3736477827122884       3.276903348381553E-12    2.3736477827122884       2.6947856184106154E-12   2.3736477827122884       2.986075448484637E-12    2.3736477827122884       2.63576329478012E-12     2.3736477827122884
3.9269908169872414        3.3891231069918703E-12   2.3561944901923453       3.1357741985408943E-12   2.3561944901923453       3.130224559245746E-12    2.3561944901923453       2.8238590514286753E-12   2.3561944901923453       2.8892880141031832E-12   2.3561944901923453
3.9444441095071845        3.3198239073706402E-12   2.338741197672402        3.3607231271666268E-12   2.338741197672402        3.3672732269362984E-12   2.338741197672402        2.8145318406023417E-12   2.338741197672402        3.030374536934342E-12    2.338741197672402
3.9618974020271276        3.9013788071076086E-12   2.321287905152459        3.466953732436011E-12    2.321287905152459        2.9711532752480825E-12   2.321287905152459        3.2381040081490506E-12   2.321287905152459        2.982260610374895E-12    2.321287905152459
3.979350694547071         3.3546693350481974E-12   2.3038346126325155       3.5141691721083915E-12   2.3038346126325155       3.68555881941341E-12     2.3038346126325155       3.36371439233024E-12     2.3038346126325155       2.8521163853945585E-12   2.3038346126325155
3.9968039870670142        4.113569473110016E-12    2.2863813201125724       3.718299912355508E-12    2.2863813201125724       3.352739855075566E-12    2.2863813201125724       3.0802171782253335E-12   2.2863813201125724       2.9225964471590062E-12   2.2863813201125724
4.014257279586958         3.876664564867096E-12    2.2689280275926285       3.761258779251477E-12    2.2689280275926285       3.5663908088168654E-12   2.2689280275926285       3.420991512040289E-12    2.2689280275926285       3.3008011157054413E-12   2.2689280275926285
4.031710572106902         3.8669844002923206E-12   2.2514747350726845       3.86683291622648E-12     2.2514747350726845       3.914303123830832E-12    2.2514747350726845       3.739173013905796E-12    2.2514747350726845       3.545904433890079E-12    2.2514747350726845
4.049163864626845         4.5830345919249756E-12   2.2340214425527414       4.117948335583421E-12    2.2340214425527414       3.510750476063404E-12    2.2340214425527414       3.3584540728618516E-12   2.2340214425527414       3.341546673658191E-12    2.2340214425527414
4.066617157146788         3.917245148774883E-12    2.2165681500327987       3.898819904615311E-12    2.2165681500327987       4.298703102519561E-12    2.2165681500327987       3.774183790946224E-12    2.2165681500327987       3.238291880237552E-12    2.2165681500327987
4.084070449666731         4.46439341286679E-12     2.1991148575128556       4.570344827349887E-12    2.1991148575128556       3.625646940469794E-12    2.1991148575128556       3.9680128062654894E-12   2.1991148575128556       3.7268296471877265E-12   2.1991148575128556
4.101523742186674         4.868755978082579E-12    2.1816615649929125       3.889007514060302E-12    2.1816615649929125       4.537900553658318E-12    2.1816615649929125       3.5985049760094828E-12   2.1816615649929125       3.863409690752545E-12    2.1816615649929125
4.118977034706617         4.138837546117176E-12    2.164208272472969        4.928683871729739E-12    2.164208272472969        3.802385065107867E-12    2.164208272472969        4.298870144399066E-12    2.164208272472969        3.478302533994158E-12    2.164208272472969
4.136430327226561         4.884946705718436E-12    2.146754979953025        4.127250118478178E-12    2.146754979953025        4.758416437058159E-12    2.146754979953025        3.853196302622781E-12    2.146754979953025        3.916191017995009E-12    2.146754979953025
4.153883619746504         5.2406226541384624E-12   2.1293016874330823       4.8203505609941186E-12   2.1293016874330823       3.962660017274262E-12    2.1293016874330823       4.291753610840158E-12    2.1293016874330823       4.149917490644967E-12    2.1293016874330823
4.171336912266447         4.423068779936908E-12    2.111848394913139        4.911908489122313E-12    2.111848394913139        4.988207062432303E-12    2.111848394913139        4.270254762307866E-12    2.111848394913139        3.682641648773999E-12    2.111848394913139
4.1887902047863905        5.029804696746714E-12    2.094395102393196        4.357750034738943E-12    2.094395102393196        4.150026087942726E-12    2.094395102393196        4.28022979650888E-12     2.094395102393196        4.379758631449993E-12    2.094395102393196
4.2062434973063345        5.7504230565961036E-12   2.076941809873252        5.507162702085604E-12    2.076941809873252        5.090242684057834E-12    2.076941809873252        4.5824739942672694E-12   2.076941809873252        4.085269136648646E-12    2.076941809873252
4.223696789826278         4.950655850562285E-12    2.059488517353309        4.790237124783521E-12    2.059488517353309        4.569107823705377E-12    2.059488517353309        4.390289785710966E-12    2.059488517353309        4.197039214810376E-12    2.059488517353309
4.241150082346221         4.8300398244076666E-12   2.042035224833366        4.806326957384524E-12    2.042035224833366        4.8303364246175386E-12   2.042035224833366        4.7384043697676725E-12   2.042035224833366        4.558890668474656E-12    2.042035224833366
4.258603374866164         5.956967682760031E-12    2.024581932313423        5.8880060194200886E-12   2.024581932313423        5.336236851255389E-12    2.024581932313423        4.663447559391336E-12    2.024581932313423        4.126389334267613E-12    2.024581932313423
4.276056667386107         6.0335752114035805E-12   2.0071286397934798       4.994233214002811E-12    2.0071286397934798       4.466690263130318E-12    2.0071286397934798       4.682885118641042E-12    2.0071286397934798       4.851421160875677E-12    2.0071286397934798
4.293509959906051         5.038869713504751E-12    1.9896753472735356       4.9456141918787015E-12   1.9896753472735356       5.6553480282001035E-12   1.9896753472735356       5.1462809001789205E-12   1.9896753472735356       4.205379158754263E-12    1.9896753472735356
4.310963252425994         5.166242789289041E-12    1.9722220547535925       6.190013646640759E-12    1.9722220547535925       5.164082579997103E-12    1.9722220547535925       4.4514316847979155E-12   1.9722220547535925       4.993708402007682E-12    1.9722220547535925
4.328416544945937         6.368229003221918E-12    1.9547687622336494       5.670801349957521E-12    1.9547687622336494       4.768118390406398E-12    1.9547687622336494       5.570072041470334E-12    1.9547687622336494       4.4400646183081426E-12   1.9547687622336494
4.34586983746588          6.694508800279024E-12    1.9373154697137063       4.830379071909513E-12    1.9373154697137063       6.051566534836025E-12    1.9373154697137063       4.6840125426009896E-12   1.9373154697137063       4.8973250632636926E-12   1.9373154697137063
4.363323129985823         5.720247418451826E-12    1.9198621771937632       5.844835837002981E-12    1.9198621771937632       5.415587875910637E-12    1.9198621771937632       5.091352726858822E-12    1.9198621771937632       5.0005538786945315E-12   1.9198621771937632
4.380776422505767         5.039150241596803E-12    1.9024088846738192       6.718174309473185E-12    1.9024088846738192       4.7815747888454764E-12   1.9024088846738192       5.787622252340511E-12    1.9024088846738192       4.452947810988964E-12    1.9024088846738192
4.39822971502571          5.74400041941645E-12     1.884955592153876        5.7947041706173054E-12   1.884955592153876        6.0792020804613475E-12   1.884955592153876        4.656579553361094E-12    1.884955592153876        5.608946029733609E-12    1.884955592153876
4.4156830075456535        7.0184106335058495E-12   1.867502299633933        4.931425267424212E-12    1.867502299633933        6.3212374819485296E-12   1.867502299633933        5.3049030907192746E-12   1.867502299633933        4.6117144820964755E-12   1.867502299633933
4.4331363000655974        7.48486149094828E-12     1.850049007113989        5.731802140644448E-12    1.850049007113989        5.0554346449266285E-12   1.850049007113989        6.1944281539278135E-12   1.850049007113989        4.873507838524883E-12    1.850049007113989
4.4505895925855405        6.742597952448803E-12    1.832595714594046        7.075952135055604E-12    1.832595714594046        5.043212976581547E-12    1.832595714594046        5.092829437501606E-12    1.832595714594046        5.914464681172887E-12    1.832595714594046
4.468042885105484         5.561675465715498E-12    1.8151424220741028       7.1820395371147185E-12   1.8151424220741028       6.472642215988871E-12    1.8151424220741028       4.732470638684394E-12    1.8151424220741028       4.820151013344447E-12    1.8151424220741028
4.485496177625427         5.004558680654056E-12    1.7976891295541597       6.005632040314128E-12    1.7976891295541597       7.016425392642323E-12    1.7976891295541597       6.10053681599512E-12     1.7976891295541597       4.566216825697761E-12    1.7976891295541597
4.50294947014537          5.516048753210498E-12    1.7802358370342166       4.9505536022033016E-12   1.7802358370342166       5.9451305357916936E-12   1.7802358370342166       6.6491899246430984E-12   1.7802358370342166       5.979968417168955E-12    1.7802358370342166
4.520402762665313         6.7749453760340425E-12   1.7627825445142735       5.0772526108185844E-12   1.7627825445142735       4.779187826343347E-12    1.7627825445142735       5.51135075202234E-12     1.7627825445142735       6.165700497635939E-12    1.7627825445142735
4.537856055185257         8.121048517481769E-12    1.7453292519943295       6.291176555226899E-12    1.7453292519943295       4.9087294606094685E-12   1.7453292519943295       4.471530578832577E-12    1.7453292519943295       4.819310436067639E-12    1.7453292519943295
4.5553093477052           9.001372947943361E-12    1.7278759594743864       7.772865051825885E-12    1.7278759594743864       6.241897521150087E-12    1.7278759594743864       4.948576076194655E-12    1.7278759594743864       4.218301461959408E-12    1.7278759594743864
4.572762640225144         9.170863258782839E-12    1.7104226669544424       8.727242025300488E-12    1.7104226669544424       7.724134536184225E-12    1.7104226669544424       6.4634318585531226E-12   1.7104226669544424       5.257596794408711E-12    1.7104226669544424
4.590215932745087         8.677069070614374E-12    1.6929693744344994       8.810512185188735E-12    1.6929693744344994       8.452138859397716E-12    1.6929693744344994       7.726369293457723E-12    1.6929693744344994       6.802013376321599E-12    1.6929693744344994
4.60766922526503          7.739286376167402E-12    1.6755160819145563       8.128449550956803E-12    1.6755160819145563       8.189496893572908E-12    1.6755160819145563       7.97443981852785E-12     1.6755160819145563       7.556307047366496E-12    1.6755160819145563
4.625122517784973         6.616710755103362E-12    1.6580627893946132       7.0079386267576014E-12   1.6580627893946132       7.211011711685207E-12    1.6580627893946132       7.253771732099277E-12    1.6580627893946132       7.163308765638076E-12    1.6580627893946132
4.642575810304916         5.5211820334633595E-12   1.64060949687467         5.784679248523975E-12    1.64060949687467         5.9473403532471134E-12   1.64060949687467         6.0260402882425996E-12   1.64060949687467         6.028970580826832E-12    1.64060949687467
4.6600291028248595        4.590998992259283E-12    1.623156204354727        4.69711027322914E-12     1.623156204354727        4.749077060894429E-12    1.623156204354727        4.7561663790340745E-12   1.623156204354727        4.721799727674128E-12    1.623156204354727
4.677482395344803         3.901506086778105E-12    1.6057029118347839       3.876142166114965E-12    1.6057029118347839       3.820018117898248E-12    1.6057029118347839       3.738442516945936E-12    1.6057029118347839       3.6373098959508074E-12   1.6057029118347839
4.694935687864747         3.483141986984482E-12    1.5882496193148399       3.3748350898011536E-12   1.5882496193148399       3.24731657015746E-12     1.5882496193148399       3.1061105449359065E-12   1.5882496193148399       2.9554794150165927E-12   1.5882496193148399
4.71238898038469          3.343314190419988E-12    1.5707963267948968       3.207376666560524E-12    1.5707963267948968       3.0551653346063626E-12   1.5707963267948968       2.893921710534727E-12    1.5707963267948968       2.7275263501026666E-12   1.5707963267948968
4.729842272904633         3.4831701451113182E-12   1.5533430342749537       3.3751275991685924E-12   1.5533430342749537       3.2472309695372163E-12   1.5533430342749537       3.106323500109627E-12    1.5533430342749537       2.9563641601496932E-12   1.5533430342749537
4.747295565424577         3.901482035845946E-12    1.5358897417550097       3.876777912280191E-12    1.5358897417550097       3.819127773793871E-12    1.5358897417550097       3.739619374166711E-12    1.5358897417550097       3.6373049367877485E-12   1.5358897417550097
4.76474885794452          4.590287363274024E-12    1.5184364492350666       4.697195059682769E-12    1.5184364492350666       4.747533460047671E-12    1.5184364492350666       4.756058058574697E-12    1.5184364492350666       4.720275139779882E-12    1.5184364492350666
4.782202150464463         5.5206043080103344E-12   1.5009831567151235       5.784257251656239E-12    1.5009831567151235       5.9458884204418626E-12   1.5009831567151235       6.0261354956638314E-12   1.5009831567151235       6.028429275284865E-12    1.5009831567151235
4.799655442984406         6.617855259685235E-12    1.4835298641951804       7.007366272952468E-12    1.4835298641951804       7.21050818314208E-12     1.4835298641951804       7.253532494955894E-12    1.4835298641951804       7.164851936413538E-12    1.4835298641951804
4.817108735504349         7.741326487100334E-12    1.4660765716752373       8.12760630806806E-12     1.4660765716752373       8.190234582627657E-12    1.4660765716752373       7.975587261053308E-12    1.4660765716752373       7.557173748411323E-12    1.4660765716752373
4.834562028024293         8.677922988042737E-12    1.4486232791552933       8.81079365132948E-12     1.4486232791552933       8.45451622214317E-12     1.4486232791552933       7.725158876894513E-12    1.4486232791552933       6.801672432260575E-12    1.4486232791552933
4.852015320544236         9.170722481158151E-12    1.4311699866353502       8.72707516031082E-12     1.4311699866353502       7.726291253590084E-12    1.4311699866353502       6.463333264143753E-12    1.4311699866353502       5.255260501971644E-12    1.4311699866353502
4.869468613064179         9.001828105889859E-12    1.4137166941154071       7.773041615357853E-12    1.4137166941154071       6.2437759830387605E-12   1.4137166941154071       4.9489617476887586E-12   1.4137166941154071       4.217536021943348E-12    1.4137166941154071
4.886921905584122         8.121862288818892E-12    1.396263401595464        6.292156529994798E-12    1.396263401595464        4.9105865784144005E-12   1.396263401595464        4.4713644796508385E-12   1.396263401595464        4.817698957249886E-12    1.396263401595464
4.9043751981040655        6.7758336172046445E-12   1.378810109075521        5.0785123793268025E-12   1.378810109075521        4.7817134978504264E-12   1.378810109075521        5.511437595925567E-12    1.378810109075521        6.163314804235093E-12    1.378810109075521
4.921828490624009         5.5169617882838394E-12   1.3613568165555778       4.950806461171276E-12    1.3613568165555778       5.94712939212168E-12     1.3613568165555778       6.6479676241673884E-12   1.3613568165555778       5.9797928236743396E-12   1.3613568165555778
4.939281783143953         5.005650722954202E-12    1.3439035240356338       6.006031859458644E-12    1.3439035240356338       7.015434892899808E-12    1.3439035240356338       6.09896128072032E-12     1.3439035240356338       4.566785507575369E-12    1.3439035240356338
4.956735075663896         5.562931106873602E-12    1.3264502315156907       7.182676574626885E-12    1.3264502315156907       6.4698606260740456E-12   1.3264502315156907       4.730316846853052E-12    1.3264502315156907       4.8202089304714915E-12   1.3264502315156907
4.97418836818384          6.743921818792819E-12    1.3089969389957468       7.076333685541455E-12    1.3089969389957468       5.039914864919348E-12    1.3089969389957468       5.091072738912106E-12    1.3089969389957468       5.913883042662348E-12    1.3089969389957468
4.991641660703783         7.486031307843712E-12    1.2915436464758037       5.731915760562022E-12    1.2915436464758037       5.052689022587293E-12    1.2915436464758037       6.194294701436924E-12    1.2915436464758037       4.873684276092254E-12    1.2915436464758037
5.009094953223726         7.019024877851457E-12    1.2740903539558606       4.931995297966022E-12    1.2740903539558606       6.3165650703291825E-12   1.2740903539558606       5.3046477450141704E-12   1.2740903539558606       4.612603063803189E-12    1.2740903539558606
5.026548245743669         5.744434746903394E-12    1.2566370614359175       5.79521413888459E-12     1.2566370614359175       6.074039732006091E-12    1.2566370614359175       4.656062080486795E-12    1.2566370614359175       5.6087575630165285E-12   1.2566370614359175
5.044001538263612         5.039326236744177E-12    1.2391837689159744       6.718261942564334E-12    1.2391837689159744       4.779084440347746E-12    1.2391837689159744       5.787914862512729E-12    1.2391837689159744       4.452132871671609E-12    1.2391837689159744
5.061454830783555         5.720613652784092E-12    1.2217304763960313       5.844853111944188E-12    1.2217304763960313       5.415794889583407E-12    1.2217304763960313       5.094028324907263E-12    1.2217304763960313       5.0014325508435775E-12   1.2217304763960313
5.078908123303498         6.694623584808136E-12    1.2042771838760882       4.829315416824515E-12    1.2042771838760882       6.051569604708611E-12    1.2042771838760882       4.68468819917302E-12     1.2042771838760882       4.896760924348824E-12    1.2042771838760882
5.096361415823442         6.367694681072847E-12    1.1868238913561442       5.670327516401288E-12    1.1868238913561442       4.768149172713642E-12    1.1868238913561442       5.5710890213995E-12      1.1868238913561442       4.4388004495081865E-12   1.1868238913561442
5.113814708343385         5.165071663452764E-12    1.169370598836201        6.18936279776422E-12     1.169370598836201        5.165964319480756E-12    1.169370598836201        4.452900808488305E-12    1.169370598836201        4.9947522987731906E-12   1.169370598836201
5.131268000863329         5.0373577380813324E-12   1.151917306316257        4.945166865351656E-12    1.151917306316257        5.657200410695611E-12    1.151917306316257        5.147888024199251E-12    1.151917306316257        4.206638537714034E-12    1.151917306316257
5.1487212933832724        6.032176007086976E-12    1.134464013796314        4.995104798968655E-12    1.134464013796314        4.468175504781579E-12    1.134464013796314        4.682655422521411E-12    1.134464013796314        4.8491184943693515E-12   1.134464013796314
5.1661745859032155        5.9561373940963775E-12   1.117010721276371        5.887943399586763E-12    1.117010721276371        5.3374865702502265E-12   1.117010721276371        4.66159984647797E-12     1.117010721276371        4.125596514922948E-12    1.117010721276371
5.183627878423159         4.829849440072026E-12    1.0995574287564278       4.805634143253035E-12    1.0995574287564278       4.83075979480982E-12     1.0995574287564278       4.7378974764446346E-12   1.0995574287564278       4.557802403210604E-12    1.0995574287564278
5.201081170943102         4.951403238837949E-12    1.0821041362364847       4.790181746037296E-12    1.0821041362364847       4.572108095267776E-12    1.0821041362364847       4.389638692567151E-12    1.0821041362364847       4.197572013705771E-12    1.0821041362364847
5.218534463463045         5.751536585367209E-12    1.0646508437165416       5.5069394645297494E-12   1.0646508437165416       5.093164647363269E-12    1.0646508437165416       4.580641983364159E-12    1.0646508437165416       4.0859400488148565E-12   1.0646508437165416
5.235987755982989         5.030620866126115E-12    1.0471975511965976       4.35708040181876E-12     1.0471975511965976       4.152069260694466E-12    1.0471975511965976       4.278329597086677E-12    1.0471975511965976       4.381180361879734E-12    1.0471975511965976
5.253441048502932         4.423942674907625E-12    1.0297442586766545       4.9114418574821655E-12   1.0297442586766545       4.988783515959418E-12    1.0297442586766545       4.267407540575296E-12    1.0297442586766545       3.683638206437E-12       1.0297442586766545
5.270894341022875         5.239841793552928E-12    1.0122909661567114       4.819381085731219E-12    1.0122909661567114       3.9627144854132975E-12   1.0122909661567114       4.292166024670632E-12    1.0122909661567114       4.149567798917202E-12    1.0122909661567114
5.288347633542818         4.882521777864618E-12    0.9948376736367683       4.125907894315131E-12    0.9948376736367683       4.758705989354412E-12    0.9948376736367683       3.854279223504819E-12    0.9948376736367683       3.914452264810339E-12    0.9948376736367683
5.305800926062761         4.137260378930134E-12    0.9773843811168252       4.925872103387509E-12    0.9773843811168252       3.801023223626941E-12    0.9773843811168252       4.299987442876288E-12    0.9773843811168252       3.4747612059328163E-12   0.9773843811168252
5.323254218582705         4.86739679126268E-12     0.9599310885968814       3.885250941205485E-12    0.9599310885968814       4.535433760548655E-12    0.9599310885968814       3.5997726623049926E-12   0.9599310885968814       3.860964855736584E-12    0.9599310885968814
5.340707511102648         4.462884823703247E-12    0.9424777960769383       4.566669635868626E-12    0.9424777960769383       3.622062783728602E-12    0.9424777960769383       3.965191057318475E-12    0.9424777960769383       3.723810168866467E-12    0.9424777960769383
5.358160803622591         3.916614509010735E-12    0.9250245035569951       3.89507596156751E-12     0.9250245035569951       4.293476607843255E-12    0.9250245035569951       3.7698357611336935E-12   0.9250245035569951       3.2326360210214882E-12   0.9250245035569951
5.375614096142535         4.582560617602211E-12    0.9075712110370511       4.1143370950651265E-12   0.9075712110370511       3.504927679840572E-12    0.9075712110370511       3.3534469744062607E-12   0.9075712110370511       3.3335545730742947E-12   0.9075712110370511
5.3930673886624785        3.865610237861953E-12    0.890117918517108        3.8633141705486475E-12   0.890117918517108        3.907461256569155E-12    0.890117918517108        3.734565955549486E-12    0.890117918517108        3.540440424944423E-12    0.890117918517108
5.410520681182422         3.874989156951956E-12    0.8726646259971649       3.757773898266428E-12    0.8726646259971649       3.5598450907563443E-12   0.8726646259971649       3.4166887377023544E-12   0.8726646259971649       3.2958788636256127E-12   0.8726646259971649
5.427973973702365         4.111681233934799E-12    0.8552113334772218       3.7152911110370235E-12   0.8552113334772218       3.347228815046538E-12    0.8552113334772218       3.0769206707520214E-12   0.8552113334772218       2.920669879542874E-12    0.8552113334772218
5.445427266222308         3.3526409548241964E-12   0.8377580409572788       3.512868478965933E-12    0.8377580409572788       3.681748098076283E-12    0.8377580409572788       3.3600454375150857E-12   0.8377580409572788       2.848308035150255E-12    0.8377580409572788
5.462880558742251         3.90013622357628E-12     0.8203047484373357       3.466799347759033E-12    0.8203047484373357       2.967695293470888E-12    0.8203047484373357       3.2362160668133602E-12   0.8203047484373357       2.978751574130723E-12    0.8203047484373357
5.480333851262194         3.3195653843264294E-12   0.8028514559173925       3.3604537942257083E-12   0.8028514559173925       3.365741647348274E-12    0.8028514559173925       2.814939897321901E-12    0.8028514559173925       3.028842019029304E-12    0.8028514559173925
5.497787143782138         3.388893804548457E-12    0.7853981633974485       3.1356397851652165E-12   0.7853981633974485       3.13190589856994E-12     0.7853981633974485       2.8244977489514652E-12   0.7853981633974485       2.890591680207833E-12    0.7853981633974485
5.515240436302081         3.359593979042234E-12    0.7679448708775054       3.2767463480111117E-12   0.7679448708775054       2.6985913866689417E-12   0.7679448708775054       2.9867440346121143E-12   0.7679448708775054       2.6392484255772194E-12   0.7679448708775054
5.532693728822025         2.9247891464967173E-12   0.7504915783575614       2.767127179023133E-12    0.7504915783575614       3.1168813218812584E-12   0.7504915783575614       2.793005030307674E-12    0.7504915783575614       2.4108557642341927E-12   0.7504915783575614
5.550147021341968         3.2562437749429375E-12   0.7330382858376183       3.192506781447878E-12    0.7330382858376183       2.745323222128563E-12    0.7330382858376183       2.4598274315337593E-12   0.7330382858376183       2.2716644643986963E-12   0.7330382858376183
5.567600313861911         2.627889637571828E-12    0.7155849933176752       2.4677626434682684E-12   0.7155849933176752       2.3991930528706598E-12   0.7155849933176752       2.3590224677462294E-12   0.7155849933176752       2.208237834192949E-12    0.7155849933176752
5.585053606381854         3.0341624248129754E-12   0.6981317007977322       2.946777009707963E-12    0.6981317007977322       2.746034787030755E-12    0.6981317007977322       2.460352116254948E-12    0.6981317007977322       2.1777067770079427E-12   0.6981317007977322
5.602506898901797         2.430367610039466E-12    0.680678408277789        2.3833474099989605E-12   0.680678408277789        2.521329782854203E-12    0.680678408277789        2.460996924626236E-12    0.680678408277789        2.149175177849263E-12    0.680678408277789
5.6199601914217405        2.765989003177589E-12    0.6632251157578459       2.4517303186228243E-12   0.6632251157578459       2.08056608802775E-12     0.6632251157578459       2.2800375808681867E-12   0.6632251157578459       2.1073513369011058E-12   0.6632251157578459
5.6374134839416845        2.254623466534625E-12    0.6457718232379019       2.498676939777017E-12    0.6457718232379019       2.248291266033325E-12    0.6457718232379019       2.0386111286619296E-12   0.6457718232379019       2.0489473629624163E-12   0.6457718232379019
5.654866776461628         2.5013032490913887E-12   0.6283185307179588       1.9734958339562145E-12   0.6283185307179588       2.35721701230301E-12     0.6283185307179588       1.865157624742371E-12    0.6283185307179588       1.9767427457041783E-12   0.6283185307179588
5.672320068981571         2.0676134604564227E-12   0.6108652381980157       2.373436224291593E-12    0.6108652381980157       1.93651995723017E-12     0.6108652381980157       1.8140916913417813E-12   0.6108652381980157       1.894506890543001E-12    0.6108652381980157
5.689773361501514         2.2605958007300122E-12   0.5934119456780726       1.9116958799207517E-12   0.5934119456780726       1.7097248534087003E-12   0.5934119456780726       1.8266388319017455E-12   0.5934119456780726       1.8032144598426876E-12   0.5934119456780726
5.707226654021458         1.860521404254375E-12    0.5759586531581287       1.8083520433550245E-12   0.5759586531581287       1.901078488121125E-12    0.5759586531581287       1.8174900818297837E-12   0.5759586531581287       1.7073919190765442E-12   0.5759586531581287
5.7246799465414           2.0441291364645597E-12   0.5585053606381865       2.0593541656510412E-12   0.5585053606381865       1.935996723621839E-12    0.5585053606381865       1.7471892388334472E-12   0.5585053606381865       1.60649637246776E-12     0.5585053606381865
5.742133239061344         1.6454409735834902E-12   0.5410520681182425       1.514300774542813E-12    0.5410520681182425       1.5923305260021088E-12   0.5410520681182425       1.6309568576075296E-12   0.5410520681182425       1.5001301806011024E-12   0.5410520681182425
5.759586531581287         1.8404377636760643E-12   0.5235987755982994       1.612298377458507E-12    0.5235987755982994       1.338161298198249E-12    0.5235987755982994       1.4945678759968814E-12   0.5235987755982994       1.3860062325328668E-12   0.5235987755982994
5.777039824101231         1.4336038054935763E-12   0.5061454830783554       1.7160071224457196E-12   0.5061454830783554       1.394060428108729E-12    0.5061454830783554       1.3572635667705678E-12   0.5061454830783554       1.2696394817551559E-12   0.5061454830783554
5.794493116621174         1.6339695699364316E-12   0.4886921905584123       1.2239184957434724E-12   0.4886921905584123       1.533158695256431E-12    0.4886921905584123       1.2329613033224123E-12   0.4886921905584123       1.154069590869608E-12    0.4886921905584123
5.811946409141117         1.2461170919392739E-12   0.4712388980384692       1.3434587979529262E-12   0.4712388980384692       1.4093368475126478E-12   0.4712388980384692       1.124759696398099E-12    0.4712388980384692       1.0474585077292492E-12   0.4712388980384692
5.829399701661061         1.4099958648466834E-12   0.45378560551852526      1.4333708973499493E-12   0.45378560551852526      1.1145962569477385E-12   0.45378560551852526      1.0334185860965163E-12   0.45378560551852526      9.569129749288525E-13    0.45378560551852526
5.8468529941810035        1.1067900547725442E-12   0.436332312998583        9.8728506030615E-13      0.436332312998583        9.291399374267353E-13    0.436332312998583        9.547144719039832E-13    0.436332312998583        8.93877445999108E-13     0.436332312998583
5.8643062867009474        1.1717934494991983E-12   0.418879020478639        1.027813151570147E-12    0.418879020478639        9.342691730661749E-13    0.418879020478639        8.868092263076242E-13    0.418879020478639        8.657630214653926E-13    0.418879020478639
5.88175957922089          1.0227126182342574E-12   0.40142572795869685      1.194595312822086E-12    0.40142572795869685      1.038111839989634E-12    0.40142572795869685      8.243287030936982E-13    0.40142572795869685      8.625770412172082E-13    0.40142572795869685
5.899212871740834         9.372526840399429E-13    0.3839724354387528       8.156953970423564E-13    0.3839724354387528       1.0397682219957094E-12   0.3839724354387528       7.643674963565928E-13    0.3839724354387528       8.48854447492452E-13     0.3839724354387528
5.916666164260777         9.524869437188943E-13    0.36651914291880977      7.123347765531989E-13    0.36651914291880977      8.660641551424919E-13    0.36651914291880977      7.062063074230198E-13    0.36651914291880977      7.88483664251565E-13     0.36651914291880977
5.934119456780721         7.23461972006242E-13     0.3490658503988658       9.22809883513319E-13     0.3490658503988658       6.538417558962695E-13    0.3490658503988658       6.471668708101788E-13    0.3490658503988658       6.792525144843308E-13    0.3490658503988658
5.951572749300663         8.174888664365935E-13    0.3316125578789235       7.314111485600839E-13    0.3316125578789235       5.20399288798005E-13     0.3316125578789235       5.892248023271024E-13    0.3316125578789235       5.586696345218623E-13    0.3316125578789235
5.969026041820607         5.65175768611293E-13     0.3141592653589796       4.712772149286953E-13    0.3141592653589796       4.850435529014739E-13    0.3141592653589796       5.309684999540064E-13    0.3141592653589796       4.643747079747259E-13    0.3141592653589796
5.986479334340551         6.229581884336847E-13    0.29670597283903555      5.726933146519378E-13    0.29670597283903555      5.288096350685583E-13    0.29670597283903555      4.742276747207742E-13    0.29670597283903555      4.153721843931206E-13    0.29670597283903555
6.003932626860493         5.151420341638839E-13    0.27925268031909334      6.642253770235904E-13    0.27925268031909334      5.853152181429391E-13    0.27925268031909334      4.1776222991434485E-13   0.27925268031909334      4.251058993757157E-13    0.27925268031909334
6.021385919380437         4.5111063841144726E-13   0.26179938779914935      3.702304897856193E-13    0.26179938779914935      5.62111243944508E-13     0.26179938779914935      3.63239331799202E-13     0.26179938779914935      4.392916515518472E-13    0.26179938779914935
6.03883921190038          4.891692207831521E-13    0.24434609527920628      2.804385242060966E-13    0.24434609527920628      4.4368050063150996E-13   0.24434609527920628      3.126859009951576E-13    0.24434609527920628      3.73619454177175E-13     0.24434609527920628
6.056292504420323         3.056372407810558E-13    0.22689280275926318      4.2088620187802206E-13   0.22689280275926318      2.995830954426236E-13    0.22689280275926318      2.6407789069987703E-13   0.22689280275926318      2.701826387344457E-13    0.22689280275926318
6.073745796940266         3.462689254346351E-13    0.2094395102393201       3.987213724282593E-13    0.2094395102393201       1.980987947389022E-13    0.2094395102393201       2.2196757073063046E-13   0.2094395102393201       2.0170837930300625E-13   0.2094395102393201
6.09119908946021          2.2717827178409726E-13   0.1919862177193761       1.6059579131809954E-13   0.1919862177193761       1.447357161151747E-13    0.1919862177193761       1.869961703886405E-13    0.1919862177193761       1.6958186399186392E-13   0.1919862177193761
6.108652381980153         2.1861485246712763E-13   0.1745329251994339       1.3821648210866354E-13   0.1745329251994339       1.2272864483276437E-13   0.1745329251994339       1.5743370304727825E-13   0.1745329251994339       2.012381647929202E-13    0.1745329251994339
6.126105674500097         2.6165349966737454E-13   0.15707963267948988      2.733560047322776E-13    0.15707963267948988      1.3317235035660057E-13   0.15707963267948988      1.3508208227355844E-13   0.15707963267948988      2.0086756194136929E-13   0.15707963267948988
6.14355896702004          1.4721270192271583E-13   0.1396263401595468       2.1351387767294416E-13   0.1396263401595468       1.7422833892563234E-13   0.1396263401595468       1.1821682877725636E-13   0.1396263401595468       1.1318777256519336E-13   0.1396263401595468
6.161012259539983         1.5398227890944217E-13   0.12217304763960371      5.270062630787004E-14    0.12217304763960371      2.1284660249866393E-13   0.12217304763960371      1.030377543468817E-13    0.12217304763960371      7.517835378836474E-14    0.12217304763960371
6.178465552059927         6.505844566795996E-14    0.10471975511965972      4.510810649425263E-14    0.10471975511965972      1.9880599596491066E-13   0.10471975511965972      8.7511690781441E-14      0.10471975511965972      4.640718734089526E-14    0.10471975511965972
6.19591884457987          8.49458422387022E-14     0.08726646259971663      1.686692976058351E-13    0.08726646259971663      1.2117438884437704E-13   0.08726646259971663      6.730610573709764E-14    0.08726646259971663      7.436016908397076E-14    0.08726646259971663
6.213372137099814         1.9108302006061826E-13   0.06981317007977264      1.2138198795533627E-13   0.06981317007977264      3.5554723115075185E-14   0.06981317007977264      4.376161570429871E-14    0.06981317007977264      1.0740277512058408E-13   0.06981317007977264
6.230825429619756         1.5651954241901274E-13   0.052359877559830424     5.2027826998077496E-14   0.052359877559830424     2.0903003478511003E-14   0.052359877559830424     2.1052515794276124E-14   0.052359877559830424     1.6320366829952175E-14   0.052359877559830424
6.2482787221397           9.917326228629769E-14    0.034906585039886445     6.478415239679529E-14    0.034906585039886445     1.1245772086015655E-13   0.034906585039886445     1.0092804840249486E-14   0.034906585039886445     9.371398000086846E-14    0.034906585039886445
6.265732014659642         3.0180469182026506E-15   0.017453292519944232     2.938315575104297E-13    0.017453292519944232     2.954053870459571E-13    0.017453292519944232     4.4651860050402044E-14   0.017453292519944232     5.768416659577782E-14    0.017453292519944232
6.283185307179586         2.3747765443046695E-39   2.4492935982947064E-16   3.4981215832784254E-39   2.4492935982947064E-16   4.915688625419475E-39    2.4492935982947064E-16   6.240771251692563E-39    2.4492935982947064E-16   7.658698413429703E-39    2.4492935982947064E-16
