% Model:              Denominators_sphereDipole.mph
% Version:            COMSOL 6.2.0.290
% Date:               Nov 9 2025, 16:40
% Dimension:          1
% Nodes:              361
% Expressions:        10
% Description:        Radiation pattern
% theta                   (emw.normEfar^2+emw.normEfar2^2) Elevation angle          (emw.normEfar^2+emw.normEfar2^2) Elevation angle          (emw.normEfar^2+emw.normEfar2^2) Elevation angle          (emw.normEfar^2+emw.normEfar2^2) Elevation angle          (emw.normEfar^2+emw.normEfar2^2) Elevation angle
0                         0                        0                        0                        0                        0                        0                        0                        0                        0                        0
0.017453292519943295      5.574600082090513E-13    0.017453292519943295     8.15719706026017E-14     0.017453292519943295     7.033799407676894E-14    0.017453292519943295     2.7576605782523683E-13   0.017453292519943295     2.9177031846376785E-13   0.017453292519943295
0.03490658503988659       4.074552906841759E-13    0.03490658503988659      5.2851808877011854E-15   0.03490658503988659      1.7784366716303168E-13   0.03490658503988659      4.0623600915723904E-14   0.03490658503988659      9.527770681963743E-14    0.03490658503988659
0.05235987755982988       2.366479624647848E-13    0.05235987755982988      1.4161177662716558E-14   0.05235987755982988      1.3638834978466015E-13   0.05235987755982988      1.5254284211419697E-13   0.05235987755982988      1.666684309854328E-14    0.05235987755982988
0.06981317007977318       1.8734454751960966E-13   0.06981317007977318      1.2984315474686872E-13   0.06981317007977318      6.028032767701705E-14    0.06981317007977318      3.253283790277758E-14    0.06981317007977318      5.965753864127663E-14    0.06981317007977318
0.08726646259971647       9.099543806186148E-14    0.08726646259971647      5.034368118274059E-14    0.08726646259971647      5.049388581540237E-14    0.08726646259971647      9.753762395294815E-14    0.08726646259971647      1.3234486925952478E-13   0.08726646259971647
0.10471975511965977       7.808816801885126E-14    0.10471975511965977      2.621528631746649E-13    0.10471975511965977      1.7535135666684395E-13   0.10471975511965977      5.26886892170655E-14     0.10471975511965977      1.4486229531245228E-13   0.10471975511965977
0.12217304763960307       1.2498662687791032E-13   0.12217304763960307      6.448982982495255E-14    0.12217304763960307      1.1867165008132218E-13   0.12217304763960307      1.5639920810267714E-13   0.12217304763960307      1.0700849017105109E-13   0.12217304763960307
0.13962634015954636       1.1362255120365062E-13   0.13962634015954636      3.097631347845996E-13    0.13962634015954636      6.702459011511645E-14    0.13962634015954636      1.491149166459381E-13    0.13962634015954636      8.583474496154948E-14    0.13962634015954636
0.15707963267948966       2.689754442546826E-13    0.15707963267948966      8.938582299795599E-14    0.15707963267948966      2.7310079778477904E-13   0.15707963267948966      1.5469284349419273E-13   0.15707963267948966      1.0787621529143239E-13   0.15707963267948966
0.17453292519943295       2.172230657412783E-13    0.17453292519943295      3.038212274495762E-13    0.17453292519943295      2.0030430092954706E-13   0.17453292519943295      1.549934539846123E-13    0.17453292519943295      1.4362033752895545E-13   0.17453292519943295
0.19198621771937624       3.633379562423984E-13    0.19198621771937624      1.8187451518853716E-13   0.19198621771937624      1.4050477283514614E-13   0.19198621771937624      2.3726423617095336E-13   0.19198621771937624      1.9095240986736084E-13   0.19198621771937624
0.20943951023931953       3.1160620937162045E-13   0.2094395102393195       3.0232419116966694E-13   0.2094395102393195       4.168403355990325E-13    0.2094395102393195       3.134427686389722E-13    0.2094395102393195       2.724773038272217E-13    0.2094395102393195
0.22689280275926285       3.618370724301377E-13    0.22689280275926285      3.470206298944041E-13    0.22689280275926285      2.964795440244839E-13    0.22689280275926285      3.048826170891129E-13    0.22689280275926285      3.626799761787854E-13    0.22689280275926285
0.24434609527920614       4.3267755434337073E-13   0.24434609527920614      3.2851998469149366E-13   0.24434609527920614      2.6677531056382183E-13   0.24434609527920614      3.066993025532751E-13    0.24434609527920614      3.9258469261501224E-13   0.24434609527920614
0.2617993877991494        3.865333741567077E-13    0.2617993877991494       5.450828798279259E-13    0.2617993877991494       5.92337193993028E-13     0.2617993877991494       3.897867674023426E-13    0.2617993877991494       3.643423175418873E-13    0.2617993877991494
0.2792526803190927        6.183388595074344E-13    0.2792526803190927       3.8538821222038995E-13   0.2792526803190927       4.005101225816497E-13    0.2792526803190927       5.150301693696606E-13    0.2792526803190927       3.564390198867214E-13    0.2792526803190927
0.29670597283903605       5.246877521098062E-13    0.2967059728390361       7.369756568351984E-13    0.2967059728390361       4.65908833053258E-13     0.2967059728390361       5.127771412681521E-13    0.2967059728390361       4.0979189300771253E-13   0.2967059728390361
0.3141592653589793        7.504258450251979E-13    0.3141592653589793       4.675608726123212E-13    0.3141592653589793       7.663385766796343E-13    0.3141592653589793       5.008952289613861E-13    0.3141592653589793       5.101912837282542E-13    0.3141592653589793
0.3316125578789226        7.231213261027963E-13    0.3316125578789226       9.088497868662955E-13    0.3316125578789226       5.186566464371463E-13    0.3316125578789226       6.19780216754579E-13     0.3316125578789226       6.436333876911391E-13    0.3316125578789226
0.3490658503988659        7.575524003145622E-13    0.3490658503988659       5.77649974221837E-13     0.3490658503988659       7.67438130113051E-13     0.3490658503988659       7.605765320377222E-13    0.3490658503988659       7.443230717724359E-13    0.3490658503988659
0.3665191429188092        9.579063567840693E-13    0.3665191429188092       1.0695983792571198E-12   0.3665191429188092       8.858388745836001E-13    0.3665191429188092       7.488120695737613E-13    0.3665191429188092       7.33784867619598E-13     0.3665191429188092
0.3839724354387525        8.277098458124504E-13    0.3839724354387525       7.109693305511157E-13    0.3839724354387525       6.944177432994574E-13    0.3839724354387525       7.365473449093248E-13    0.3839724354387525       6.926510947990598E-13    0.3839724354387525
0.40142572795869574       1.1727668290363181E-12   0.40142572795869574      1.2294558412905712E-12   0.40142572795869574      1.133964536390421E-12    0.40142572795869574      9.41213623989998E-13     0.40142572795869574      7.54110470937815E-13     0.40142572795869574
0.41887902047863906       1.077907341648747E-12    0.41887902047863906      8.602425464143662E-13    0.41887902047863906      9.404967532280455E-13    0.41887902047863906      1.033135376176339E-12    0.41887902047863906      9.136027192022588E-13    0.41887902047863906
0.4363323129985824        1.1987602617491528E-12   0.4363323129985824       1.4026197133895931E-12   0.4363323129985824       1.0411512320863745E-12   0.4363323129985824       9.727522193560115E-13    0.4363323129985824       1.0901205617924475E-12   0.4363323129985824
0.4537856055185257        1.4016197775249613E-12   0.45378560551852565      1.018553443755075E-12    0.45378560551852565      1.3566074018789712E-12   0.45378560551852565      1.0825287505519855E-12   0.45378560551852565      1.1288538336441587E-12   0.45378560551852565
0.47123889803846897       1.2265830320566267E-12   0.4712388980384689       1.5930582471548189E-12   0.4712388980384689       1.0598062456121943E-12   0.4712388980384689       1.307730823674224E-12    0.4712388980384689       1.0489314990980584E-12   0.4712388980384689
0.4886921905584123        1.6514283801016575E-12   0.4886921905584123       1.1812156389963863E-12   0.4886921905584123       1.563110631214318E-12    0.4886921905584123       1.2548370620648461E-12   0.4886921905584123       1.1034827342988072E-12   0.4886921905584123
0.5061454830783556        1.54524947083511E-12     0.5061454830783556       1.798938845596647E-12    0.5061454830783556       1.3365154970313973E-12   0.5061454830783556       1.2735377348430312E-12   0.5061454830783556       1.3228128891186165E-12   0.5061454830783556
0.5235987755982988        1.6152082419893246E-12   0.5235987755982988       1.3543869749574674E-12   0.5235987755982988       1.5303727699155525E-12   0.5235987755982988       1.5737567828950364E-12   0.5235987755982988       1.5080697556191947E-12   0.5235987755982988
0.5410520681182421        1.964187280799713E-12    0.5410520681182421       2.0087500647803672E-12   0.5410520681182421       1.7418404668697981E-12   0.5410520681182421       1.5374849663556862E-12   0.5410520681182421       1.441840329341882E-12    0.5410520681182421
0.5585053606381855        1.7026809727476107E-12   0.5585053606381855       1.5516024240214802E-12   0.5585053606381855       1.5255895900946367E-12   0.5585053606381855       1.5163494559246924E-12   0.5585053606381855       1.3938729221862477E-12   0.5585053606381855
0.5759586531581288        2.107624358509939E-12    0.5759586531581288       2.186141819639942E-12    0.5759586531581288       2.0813891560662233E-12   0.5759586531581288       1.8611982506892547E-12   0.5759586531581288       1.633376028974758E-12    0.5759586531581288
0.5934119456780721        2.1990843893158057E-12   0.5934119456780721       1.8070571843310519E-12   0.5934119456780721       1.6669036523355313E-12   0.5934119456780721       1.7860401645517167E-12   0.5934119456780721       1.8714333929309914E-12   0.5934119456780721
0.6108652381980153        1.9818780421668897E-12   0.6108652381980153       2.289781744427326E-12    0.6108652381980153       2.2821715711927407E-12   0.6108652381980153       1.819145317986693E-12    0.6108652381980153       1.7595510250822565E-12   0.6108652381980153
0.6283185307179586        2.550674139256285E-12    0.6283185307179586       2.1578832499960333E-12   0.6283185307179586       1.915406979781771E-12    0.6283185307179586       2.1712481179016673E-12   0.6283185307179586       1.743396076048262E-12    0.6283185307179586
0.6457718232379019        2.4244972083010535E-12   0.6457718232379019       2.297793762406058E-12    0.6457718232379019       2.406484536467201E-12    0.6457718232379019       1.980228378477593E-12    0.6457718232379019       2.0889887157492168E-12   0.6457718232379019
0.6632251157578452        2.346118523874645E-12    0.6632251157578452       2.6052159596627477E-12   0.6632251157578452       2.201238487212814E-12    0.6632251157578452       2.232814799528633E-12    0.6632251157578452       2.1859129060078927E-12   0.6632251157578452
0.6806784082777885        2.9485033941370114E-12   0.6806784082777885       2.2822856779854732E-12   0.6806784082777885       2.5321743066693547E-12   0.6806784082777885       2.403104797152266E-12    0.6806784082777885       1.9869841442271356E-12   0.6806784082777885
0.6981317007977318        2.6939478374960796E-12   0.6981317007977318       3.0274402618937396E-12   0.6981317007977318       2.469782928393976E-12    0.6981317007977318       2.2163116993952062E-12   0.6981317007977318       2.2956126425460595E-12   0.6981317007977318
0.715584993317675         2.7028491754666315E-12   0.715584993317675        2.43641489703113E-12     0.715584993317675        2.7026928860371486E-12   0.715584993317675        2.702713495697435E-12    0.715584993317675        2.5263707237621843E-12   0.715584993317675
0.7330382858376184        3.3374210392031426E-12   0.7330382858376184       3.1575547301438375E-12   0.7330382858376184       2.6938232696822774E-12   0.7330382858376184       2.4508337365892763E-12   0.7330382858376184       2.2577138833395234E-12   0.7330382858376184
0.7504915783575616        3.040524252300284E-12    0.7504915783575616       2.9347131517097633E-12   0.7504915783575616       2.9353471953477864E-12   0.7504915783575616       2.7920531906943702E-12   0.7504915783575616       2.5939852666382538E-12   0.7504915783575616
0.767944870877505         2.9932905886492814E-12   0.767944870877505        2.9415232358249484E-12   0.767944870877505        2.8557101538411822E-12   0.767944870877505        2.8200186571102127E-12   0.767944870877505        2.7907958483121503E-12   0.767944870877505
0.7853981633974483        3.7131370382379634E-12   0.7853981633974483       3.5986787235294044E-12   0.7853981633974483       3.2393988763203796E-12   0.7853981633974483       2.81752261722531E-12     0.7853981633974483       2.5076680369594367E-12   0.7853981633974483
0.8028514559173915        3.4998695753776135E-12   0.8028514559173915       2.9389882546728895E-12   0.8028514559173915       2.953601601005784E-12    0.8028514559173915       3.163425263575155E-12    0.8028514559173915       3.01414255540441E-12     0.8028514559173915
0.8203047484373349        3.220987387073452E-12    0.8203047484373349       3.704835534203567E-12    0.8203047484373349       3.5975273033194297E-12   0.8203047484373349       2.9002990385376273E-12   0.8203047484373349       2.8873218615459135E-12   0.8203047484373349
0.8377580409572781        3.983031956867173E-12    0.8377580409572781       3.64807119105783E-12     0.8377580409572781       3.0335809505435928E-12   0.8377580409572781       3.444897934657895E-12    0.8377580409572781       2.9138402506213093E-12   0.8377580409572781
0.8552113334772214        4.099450017936331E-12    0.8552113334772216       3.286012104073977E-12    0.8552113334772216       3.907598991125194E-12    0.8552113334772216       3.0458776419848386E-12   0.8552113334772216       3.3473906643254522E-12   0.8552113334772216
0.8726646259971648        3.5430980488562227E-12   0.8726646259971648       4.249016239438178E-12    0.8726646259971648       3.236054739206362E-12    0.8726646259971648       3.682797423184608E-12    0.8726646259971648       2.9342682089573684E-12   0.8726646259971648
0.890117918517108         3.977172849808683E-12    0.890117918517108        3.751740749283862E-12    0.890117918517108        3.9667875059063455E-12   0.890117918517108        3.2228145008568855E-12   0.890117918517108        3.5783951148300512E-12   0.890117918517108
0.9075712110370514        4.67143548521942E-12     0.9075712110370514       3.6976309424940064E-12   0.9075712110370514       3.761184233823798E-12    0.9075712110370514       3.889067244603109E-12    0.9075712110370514       3.1545660983823374E-12   0.9075712110370514
0.9250245035569946        4.269905729666316E-12    0.9250245035569946       4.645420937119513E-12    0.9250245035569946       3.718043772569314E-12    0.9250245035569946       3.439670327637403E-12    0.9250245035569946       3.684171119785269E-12    0.9250245035569946
0.9424777960769379        3.8816819503435994E-12   0.9424777960769379       4.025998822121913E-12    0.9424777960769379       4.450137150541304E-12    0.9424777960769379       4.02360823027693E-12     0.9424777960769379       3.4252841933427112E-12   0.9424777960769379
0.9599310885968813        4.650170609745689E-12    0.9599310885968814       3.961799024107463E-12    0.9599310885968814       3.662126191668299E-12    0.9599310885968814       3.766268015737466E-12    0.9599310885968814       3.808613332256137E-12    0.9599310885968814
0.9773843811168246        5.195567832347407E-12    0.9773843811168246       4.99147766459448E-12     0.9773843811168246       4.486587125826749E-12    0.9773843811168246       4.005767751373192E-12    0.9773843811168246       3.629403968698126E-12    0.9773843811168246
0.9948376736367678        4.6442426468760025E-12   0.9948376736367677       4.529322109258125E-12    0.9948376736367677       4.46502045680826E-12     0.9948376736367677       4.259779528725544E-12    0.9948376736367677       4.015271859366595E-12    0.9948376736367677
1.0122909661567112        4.221419038289684E-12    1.0122909661567112       4.070979410870466E-12    1.0122909661567112       3.942787296472193E-12    1.0122909661567112       3.852485220314572E-12    1.0122909661567112       3.723663983763293E-12    1.0122909661567112
1.0297442586766543        4.965099561579336E-12    1.0297442586766543       5.101255611432006E-12    1.0297442586766543       4.997803526300727E-12    1.0297442586766543       4.703645309709849E-12    1.0297442586766543       4.317042384978427E-12    1.0297442586766543
1.0471975511965976        5.741537528159769E-12    1.0471975511965976       5.323141198507261E-12    1.0471975511965976       4.603089378888647E-12    1.0471975511965976       3.994960860278583E-12    1.0471975511965976       3.733413180118674E-12    1.0471975511965976
1.064650843716541         5.423385002595595E-12    1.064650843716541        4.41548210774479E-12     1.064650843716541        4.199577806479859E-12    1.064650843716541        4.561123939149781E-12    1.064650843716541        4.621596519237421E-12    1.064650843716541
1.0821041362364843        4.651907571905654E-12    1.0821041362364843       4.666612163938228E-12    1.0821041362364843       5.303925675362985E-12    1.0821041362364843       4.814735551941049E-12    1.0821041362364843       3.8766133988875846E-12   1.0821041362364843
1.0995574287564276        4.758454078803853E-12    1.0995574287564276       5.79057797822591E-12     1.0995574287564276       5.0548947943593476E-12   1.0995574287564276       4.1101976887144464E-12   1.0995574287564276       4.600789446989833E-12    1.0995574287564276
1.117010721276371         5.7714476586069874E-12   1.117010721276371        5.626013964540061E-12    1.117010721276371        4.316338711521287E-12    1.117010721276371        5.063061819438749E-12    1.117010721276371        4.485489219685019E-12    1.117010721276371
1.1344640137963142        6.426079669684804E-12    1.1344640137963142       4.6739577236233755E-12   1.1344640137963142       5.257388347282172E-12    1.1344640137963142       4.970352438089155E-12    1.1344640137963142       4.12343705335008E-12     1.1344640137963142
1.1519173063162575        6.0285723327501215E-12   1.1519173063162575       4.851456277339495E-12    1.1519173063162575       5.811933910959506E-12    1.1519173063162575       4.278154830340474E-12    1.1519173063162575       5.118153273483355E-12    1.1519173063162575
1.1693705988362006        5.142255677770598E-12    1.1693705988362006       6.041531589201127E-12    1.1693705988362006       4.828925162427763E-12    1.1693705988362006       5.261091938079472E-12    1.1693705988362006       4.3654054439429335E-12   1.1693705988362006
1.1868238913561442        4.845381293548053E-12    1.1868238913561442       6.424416777415344E-12    1.1868238913561442       4.656633307142037E-12    1.1868238913561442       5.471790634655686E-12    1.1868238913561442       4.463500423093023E-12    1.1868238913561442
1.2042771838760873        5.565392576876795E-12    1.2042771838760873       5.542042410743965E-12    1.2042771838760873       5.833521059743251E-12    1.2042771838760873       4.48586538001535E-12     1.2042771838760873       5.420594832132787E-12    1.2042771838760873
1.2217304763960306        6.681653927818396E-12    1.2217304763960306       4.768146053284879E-12    1.2217304763960306       6.2605382371679844E-12   1.2217304763960306       4.896377194042423E-12    1.2217304763960306       4.609415981403182E-12    1.2217304763960306
1.239183768915974         7.282078801337298E-12    1.239183768915974        5.206909478379145E-12    1.239183768915974        5.267618193389007E-12    1.239183768915974        5.970633714634934E-12    1.239183768915974        4.3861012951837066E-12   1.239183768915974
1.2566370614359172        6.978883705544824E-12    1.2566370614359172       6.442089137873989E-12    1.2566370614359172       4.6361782637269584E-12   1.2566370614359172       5.5687702601842825E-12   1.2566370614359172       5.56889474939832E-12     1.2566370614359172
1.2740903539558606        6.061050303842192E-12    1.2740903539558606       7.185495066501226E-12    1.2740903539558606       5.428318148383142E-12    1.2740903539558606       4.5578554080445765E-12   1.2740903539558606       5.475248371880395E-12    1.2740903539558606
1.2915436464758039        5.181595184037183E-12    1.2915436464758039       6.777544989148359E-12    1.2915436464758039       6.64993251551135E-12     1.2915436464758039       4.899391712139335E-12    1.2915436464758039       4.39853871005671E-12     1.2915436464758039
1.3089969389957472        4.91123222823176E-12     1.3089969389957472       5.691023383828949E-12    1.3089969389957472       6.856731463845047E-12    1.3089969389957472       6.148189069924981E-12    1.3089969389957472       4.6356877706154265E-12   1.3089969389957472
1.3264502315156903        5.42632372367102E-12     1.3264502315156903       4.859393858467038E-12    1.3264502315156903       5.8951839116345956E-12   1.3264502315156903       6.562335081344154E-12    1.3264502315156903       5.898236195877103E-12    1.3264502315156903
1.3439035240356338        6.496030607264701E-12    1.3439035240356338       4.900506736106059E-12    1.3439035240356338       4.828317380495323E-12    1.3439035240356338       5.676931232136987E-12    1.3439035240356338       6.185196163566719E-12    1.3439035240356338
1.361356816555577         7.695066154320489E-12    1.361356816555577        5.810508996517028E-12    1.361356816555577        4.647956485553962E-12    1.361356816555577        4.599351166093277E-12    1.361356816555577        5.16491013906112E-12     1.361356816555577
1.3788101090755203        8.637138477134703E-12    1.3788101090755203       7.1148480096609346E-12   1.3788101090755203       5.499750240828929E-12    1.3788101090755203       4.496746300598885E-12    1.3788101090755203       4.219195376762637E-12    1.3788101090755203
1.3962634015954636        9.098870594397485E-12    1.3962634015954636       8.237776997691463E-12    1.3962634015954636       6.841324285800313E-12    1.3962634015954636       5.480873972106868E-12    1.3962634015954636       4.457545039446249E-12    1.3962634015954636
1.413716694115407         9.032209001813363E-12    1.413716694115407        8.801294327321936E-12    1.413716694115407        7.971349077369015E-12    1.413716694115407        6.8375276111825086E-12   1.413716694115407        5.68351724971551E-12     1.413716694115407
1.43116998663535          8.519161441535702E-12    1.43116998663535         8.713040828982871E-12    1.43116998663535         8.444144807363774E-12    1.43116998663535         7.787962322498186E-12    1.43116998663535         6.955901773997537E-12    1.43116998663535
1.4486232791552935        7.709293852759275E-12    1.4486232791552935       8.093184257375599E-12    1.4486232791552935       8.18514180979995E-12     1.4486232791552935       7.956631419605625E-12    1.4486232791552935       7.536163435906814E-12    1.4486232791552935
1.4660765716752369        6.762404182210216E-12    1.4660765716752369       7.156034519901369E-12    1.4660765716752369       7.383303321353312E-12    1.4660765716752369       7.400075808858377E-12    1.4660765716752369       7.261795774199416E-12    1.4660765716752369
1.4835298641951802        5.813215890019683E-12    1.4835298641951802       6.114357706370303E-12    1.4835298641951802       6.321049512736539E-12    1.4835298641951802       6.403646479104755E-12    1.4835298641951802       6.383950370960358E-12    1.4835298641951802
1.5009831567151233        4.959395063288747E-12    1.5009831567151233       5.130564729103069E-12    1.5009831567151233       5.2427671399196174E-12   1.5009831567151233       5.286199746509761E-12    1.5009831567151233       5.26768540713738E-12     1.5009831567151233
1.5184364492350666        4.26220423013755E-12     1.5184364492350666       4.307497861767133E-12    1.5184364492350666       4.312830702617643E-12    1.5184364492350666       4.280874524006498E-12    1.5184364492350666       4.2133223211076865E-12   1.5184364492350666
1.53588974175501          3.753346401539303E-12    1.53588974175501         3.699801652530737E-12    1.53588974175501         3.619135618447442E-12    1.53588974175501         3.516795618376573E-12    1.53588974175501         3.3974466883001288E-12   1.53588974175501
1.5533430342749535        3.4455889076100833E-12   1.5533430342749535       3.33132933383217E-12     1.5533430342749535       3.1969747508485098E-12   1.5533430342749535       3.0482443799392663E-12   1.5533430342749535       2.89405458200665E-12     1.5533430342749535
1.5707963267948966        3.3427191372286896E-12   1.5707963267948966       3.2083405841080146E-12   1.5707963267948966       3.056146167618664E-12    1.5707963267948966       2.8923297487410064E-12   1.5707963267948966       2.7256029807778434E-12   1.5707963267948966
1.5882496193148399        3.4454514249468226E-12   1.5882496193148399       3.331387274645852E-12    1.5882496193148399       3.1974701352141088E-12   1.5882496193148399       3.0490162680727204E-12   1.5882496193148399       2.894372653475185E-12    1.5882496193148399
1.605702911834783         3.7532148259721354E-12   1.605702911834783        3.6996989530332E-12      1.605702911834783        3.619439306393948E-12    1.605702911834783        3.5167784937694275E-12   1.605702911834783        3.3974707739978268E-12   1.605702911834783
1.6231562043547263        4.262168407894197E-12    1.6231562043547263       4.30664019990518E-12     1.6231562043547263       4.312374792434276E-12    1.6231562043547263       4.2806378904175595E-12   1.6231562043547263       4.213641794541622E-12    1.6231562043547263
1.6406094968746698        4.9592434190201E-12      1.6406094968746698       5.129762968674813E-12    1.6406094968746698       5.241969816798369E-12    1.6406094968746698       5.2859246834788105E-12   1.6406094968746698       5.267237770876199E-12    1.6406094968746698
1.6580627893946132        5.8128704709245715E-12   1.6580627893946132       6.114269926349294E-12    1.6580627893946132       6.32074102766735E-12     1.6580627893946132       6.403172956924225E-12    1.6580627893946132       6.3832085190796016E-12   1.6580627893946132
1.6755160819145563        6.762360380155564E-12    1.6755160819145563       7.155990352144778E-12    1.6755160819145563       7.384373041285344E-12    1.6755160819145563       7.400554805383487E-12    1.6755160819145563       7.262515197776177E-12    1.6755160819145563
1.6929693744344996        7.709662167955332E-12    1.6929693744344996       8.092212062017789E-12    1.6929693744344996       8.185499666944657E-12    1.6929693744344996       7.959149411773936E-12    1.6929693744344996       7.536172623852499E-12    1.6929693744344996
1.710422666954443         8.519006055161652E-12    1.710422666954443        8.711440986601808E-12    1.710422666954443        8.444092961161551E-12    1.710422666954443        7.786951117223433E-12    1.710422666954443        6.954906652249114E-12    1.710422666954443
1.7278759594743864        9.031120871332527E-12    1.7278759594743864       8.799419660927632E-12    1.7278759594743864       7.97135030880015E-12     1.7278759594743864       6.834586741778887E-12    1.7278759594743864       5.683052304067269E-12    1.7278759594743864
1.7453292519943295        9.098022864413392E-12    1.7453292519943295       8.235688679889926E-12    1.7453292519943295       6.840625777678048E-12    1.7453292519943295       5.478703554197565E-12    1.7453292519943295       4.457959919303374E-12    1.7453292519943295
1.7627825445142729        8.637230810870449E-12    1.7627825445142729       7.113646682186496E-12    1.7627825445142729       5.499778322883669E-12    1.7627825445142729       4.493889503619015E-12    1.7627825445142729       4.220189432197032E-12    1.7627825445142729
1.780235837034216         7.695098732822184E-12    1.780235837034216        5.81029884744291E-12     1.780235837034216        4.64879805564287E-12     1.780235837034216        4.597261133715583E-12    1.780235837034216        5.165017847199071E-12    1.780235837034216
1.7976891295541593        6.495479789530148E-12    1.7976891295541593       4.9004220341742386E-12   1.7976891295541593       4.829156564445412E-12    1.7976891295541593       5.6765715972971026E-12   1.7976891295541593       6.18563294207426E-12     1.7976891295541593
1.8151424220741028        5.425996048028275E-12    1.8151424220741028       4.859113841914687E-12    1.8151424220741028       5.895459985522906E-12    1.8151424220741028       6.563874396768823E-12    1.8151424220741028       5.899101633610148E-12    1.8151424220741028
1.8325957145940461        4.9116185466135084E-12   1.8325957145940461       5.6909124292793375E-12   1.8325957145940461       6.8565853281209865E-12   1.8325957145940461       6.151720437034065E-12    1.8325957145940461       4.636343702059871E-12    1.8325957145940461
1.8500490071139892        5.182309089373606E-12    1.8500490071139892       6.777201660517078E-12    1.8500490071139892       6.649601705990502E-12    1.8500490071139892       4.902954896816133E-12    1.8500490071139892       4.398339591359414E-12    1.8500490071139892
1.8675022996339325        6.061410879255737E-12    1.8675022996339325       7.1843027139754236E-12   1.8675022996339325       5.428215977934136E-12    1.8675022996339325       4.561183519292137E-12    1.8675022996339325       5.4738137411518075E-12   1.8675022996339325
1.8849555921538759        6.978571553642274E-12    1.8849555921538759       6.4406351618258045E-12   1.8849555921538759       4.635948890478791E-12    1.8849555921538759       5.572364296243771E-12    1.8849555921538759       5.568479576444957E-12    1.8849555921538759
1.902408884673819         7.281539243113445E-12    1.902408884673819        5.205671509737232E-12    1.902408884673819        5.2668525538430114E-12   1.902408884673819        5.974025209339277E-12    1.902408884673819        4.385813780890132E-12    1.902408884673819
1.9198621771937625        6.681566801794608E-12    1.9198621771937625       4.767262435165609E-12    1.9198621771937625       6.259280820709015E-12    1.9198621771937625       4.898310595935812E-12    1.9198621771937625       4.60878149546353E-12     1.9198621771937625
1.9373154697137058        5.5656862412257165E-12   1.9373154697137058       5.5418894857387435E-12   1.9373154697137058       5.831918154802125E-12    1.9373154697137058       4.486301139876631E-12    1.9373154697137058       5.420723059827197E-12    1.9373154697137058
1.9547687622336491        4.845788300576986E-12    1.9547687622336491       6.425966209474896E-12    1.9547687622336491       4.655605253786149E-12    1.9547687622336491       5.4694793885809145E-12   1.9547687622336491       4.463211295818479E-12    1.9547687622336491
1.9722220547535922        5.142748234884691E-12    1.9722220547535922       6.04369226099356E-12     1.9722220547535922       4.8279679515949966E-12   1.9722220547535922       5.258117205041634E-12    1.9722220547535922       4.365671659501639E-12    1.9722220547535922
1.9896753472735356        6.028760209645283E-12    1.9896753472735356       4.852836749250158E-12    1.9896753472735356       5.811646724590708E-12    1.9896753472735356       4.2768095811530335E-12   1.9896753472735356       5.118086882319295E-12    1.9896753472735356
2.007128639793479         6.4254125721850556E-12   2.007128639793479        4.674761351670314E-12    2.007128639793479        5.258629070212861E-12    2.007128639793479        4.968878085498989E-12    2.007128639793479        4.1233243238043685E-12   2.007128639793479
2.0245819323134224        5.770227020452216E-12    2.0245819323134224       5.6263336480056E-12      2.0245819323134224       4.318036005834427E-12    2.0245819323134224       5.060493486702039E-12    2.0245819323134224       4.485755167914993E-12    2.0245819323134224
2.0420352248333655        4.757184195716297E-12    2.0420352248333655       5.789617673038631E-12    2.0420352248333655       5.056779308343363E-12    2.0420352248333655       4.108468013189402E-12    2.0420352248333655       4.601969987471648E-12    2.0420352248333655
2.0594885173533086        4.65069067223523E-12     2.0594885173533086       4.66489941257847E-12     2.0594885173533086       5.3052157921565465E-12   2.0594885173533086       4.813589383733832E-12    2.0594885173533086       3.877224349400314E-12    2.0594885173533086
2.076941809873252         5.422163003394338E-12    2.076941809873252        4.4140323762099605E-12   2.076941809873252        4.200152843063286E-12    2.076941809873252        4.558601774246326E-12    2.076941809873252        4.622362499213342E-12    2.076941809873252
2.0943951023931953        5.7401721579630216E-12   2.0943951023931953       5.322404556893911E-12    2.0943951023931953       4.603022509111727E-12    2.0943951023931953       3.994179911293654E-12    2.0943951023931953       3.732763236791114E-12    2.0943951023931953
2.111848394913139         4.96381048168587E-12     2.111848394913139        5.101779989669494E-12    2.111848394913139        4.997158255225208E-12    2.111848394913139        4.703451442634208E-12    2.111848394913139        4.316101301668101E-12    2.111848394913139
2.129301687433082         4.220848650153379E-12    2.129301687433082        4.07217875499811E-12     2.129301687433082        3.94193451969345E-12     2.129301687433082        3.851793859909431E-12    2.129301687433082        3.723579564859223E-12    2.129301687433082
2.1467549799530254        4.644142777382753E-12    2.1467549799530254       4.5309278482711945E-12   2.1467549799530254       4.463424230656207E-12    2.1467549799530254       4.258874965728988E-12    2.1467549799530254       4.014616137023518E-12    2.1467549799530254
2.1642082724729685        5.195233727786362E-12    2.1642082724729685       4.9940428768951706E-12   2.1642082724729685       4.486282707381901E-12    2.1642082724729685       4.004925709290159E-12    2.1642082724729685       3.6305099314967173E-12   2.1642082724729685
2.1816615649929116        4.649714900523047E-12    2.1816615649929116       3.964778868192525E-12    2.1816615649929116       3.662899559880897E-12    2.1816615649929116       3.766262071659024E-12    2.1816615649929116       3.80949071436432E-12     2.1816615649929116
2.199114857512855         3.881417916643586E-12    2.199114857512855        4.028415674672847E-12    2.199114857512855        4.450661822494245E-12    2.199114857512855        4.0241572064326396E-12   2.199114857512855        3.4285327703727744E-12   2.199114857512855
2.2165681500327987        4.269997858164232E-12    2.2165681500327987       4.6471189931328935E-12   2.2165681500327987       3.719673482947328E-12    2.2165681500327987       3.44072748032745E-12     2.2165681500327987       3.688632113468397E-12    2.2165681500327987
2.234021442552742         4.671717047956375E-12    2.234021442552742        3.698769079535851E-12    2.234021442552742        3.763689291673004E-12    2.234021442552742        3.8901884847931726E-12   2.234021442552742        3.1588385153520822E-12   2.234021442552742
2.251474735072685         3.977225154783929E-12    2.251474735072685        3.752631233600748E-12    2.251474735072685        3.968445793937961E-12    2.251474735072685        3.224237593766463E-12    2.251474735072685        3.5820683903570012E-12   2.251474735072685
2.2689280275926285        3.5431079840156877E-12   2.2689280275926285       4.249582104068386E-12    2.2689280275926285       3.2373332069072155E-12   2.2689280275926285       3.684770353246759E-12    2.2689280275926285       2.937832650446546E-12    2.2689280275926285
2.286381320112572         4.099352485007141E-12    2.286381320112572        3.2867514007467384E-12   2.286381320112572        3.908754735476231E-12    2.286381320112572        3.0467360666815896E-12   2.286381320112572        3.3502986912535804E-12   2.286381320112572
2.303834612632515         3.982456444819132E-12    2.303834612632515        3.648999893992926E-12    2.303834612632515        3.034706260615089E-12    2.303834612632515        3.4467623662388425E-12   2.303834612632515        2.915594311449204E-12    2.303834612632515
2.321287905152458         3.2205002467590434E-12   2.321287905152458        3.705616137242416E-12    2.321287905152458        3.5990784489252787E-12   2.321287905152458        2.902398273468236E-12    2.321287905152458        2.8890408588057323E-12   2.321287905152458
2.3387411976724013        3.4993853327694286E-12   2.3387411976724013       2.939922423072881E-12    2.3387411976724013       2.953380202855476E-12    2.3387411976724013       3.1643463807244657E-12   2.3387411976724013       3.0141413596288415E-12   2.3387411976724013
2.356194490192345         3.7122896348139676E-12   2.356194490192345        3.599121895425508E-12    2.356194490192345        3.2388902423173164E-12   2.356194490192345        2.8171430774937896E-12   2.356194490192345        2.507491483880803E-12    2.356194490192345
2.3736477827122884        2.9929172375265943E-12   2.3736477827122884       2.9416128254477467E-12   2.3736477827122884       2.8546698937035096E-12   2.3736477827122884       2.8184545815987233E-12   2.3736477827122884       2.789643406664732E-12    2.3736477827122884
2.3911010752322315        3.040451976500266E-12    2.3911010752322315       2.9347174028645333E-12   2.3911010752322315       2.9348018580679734E-12   2.3911010752322315       2.790168378162396E-12    2.3911010752322315       2.5915630732039914E-12   2.3911010752322315
2.4085543677521746        3.3369273755283048E-12   2.4085543677521746       3.1567663838409044E-12   2.4085543677521746       2.692061962648483E-12    2.4085543677521746       2.4483573411655398E-12   2.4085543677521746       2.2556771972172917E-12   2.4085543677521746
2.426007660272118         2.7023720917840022E-12   2.426007660272118        2.436064469339565E-12    2.426007660272118        2.700473077088523E-12    2.426007660272118        2.7005447653479235E-12   2.426007660272118        2.521828166711119E-12    2.426007660272118
2.443460952792061         2.6938140915367058E-12   2.443460952792061        3.0266416363230672E-12   2.443460952792061        2.467312422928737E-12    2.443460952792061        2.2146041278950165E-12   2.443460952792061        2.2907062500095937E-12   2.443460952792061
2.4609142453120043        2.948011625063954E-12    2.4609142453120043       2.2812356846883174E-12   2.4609142453120043       2.5301711435242E-12      2.4609142453120043       2.400000158020928E-12    2.4609142453120043       1.983264525046511E-12    2.4609142453120043
2.478367537831948         2.345687679297765E-12    2.478367537831948        2.6042290458826285E-12   2.478367537831948        2.199267726463744E-12    2.478367537831948        2.230458767230038E-12    2.478367537831948        2.1821243916100413E-12   2.478367537831948
2.4958208303518914        2.4245565028910265E-12   2.4958208303518914       2.295074526030734E-12    2.4958208303518914       2.404187104129126E-12    2.4958208303518914       1.9779111871337006E-12   2.4958208303518914       2.0861989989587658E-12   2.4958208303518914
2.5132741228718345        2.550684706171237E-12    2.5132741228718345       2.1549641447509347E-12   2.5132741228718345       1.914407678187903E-12    2.5132741228718345       2.1688736753549424E-12   2.5132741228718345       1.7416639380661259E-12   2.5132741228718345
2.5307274153917776        1.9819181898400284E-12   2.5307274153917776       2.2875713977715574E-12   2.5307274153917776       2.282569026247651E-12    2.5307274153917776       1.8179598802226397E-12   2.5307274153917776       1.758565080947966E-12    2.5307274153917776
2.548180707911721         2.199159824093837E-12    2.548180707911721        1.805948953101292E-12    2.548180707911721        1.6666873710660863E-12   2.548180707911721        1.7865622061205772E-12   2.548180707911721        1.8714946760807967E-12   2.548180707911721
2.5656340004316647        2.107240207287917E-12    2.5656340004316647       2.1855501730420613E-12   2.5656340004316647       2.081951910195301E-12    2.5656340004316647       1.8627322716633313E-12   2.5656340004316647       1.6329288262340548E-12   2.5656340004316647
2.5830872929516078        1.70260404364893E-12     2.5830872929516078       1.5519691761739575E-12   2.5830872929516078       1.5267883521360108E-12   2.5830872929516078       1.517739301702209E-12    2.5830872929516078       1.3945367584356583E-12   2.5830872929516078
2.600540585471551         1.964198901504815E-12    2.600540585471551        2.008474330416622E-12    2.600540585471551        1.7436148116361323E-12   2.600540585471551        1.5371667909375845E-12   2.600540585471551        1.4428552132831547E-12   2.600540585471551
2.6179938779914944        1.614933904244922E-12    2.6179938779914944       1.354361012608343E-12    2.6179938779914944       1.5308333257933027E-12   2.6179938779914944       1.5737133958490725E-12   2.6179938779914944       1.5079826368692533E-12   2.6179938779914944
2.6354471705114375        1.5458748414950078E-12   2.6354471705114375       1.7999482547847039E-12   2.6354471705114375       1.3371264931301852E-12   2.6354471705114375       1.2732646419430535E-12   2.6354471705114375       1.3229349996249753E-12   2.6354471705114375
2.6529004630313806        1.6521878879309975E-12   2.6529004630313806       1.1818997932792653E-12   2.6529004630313806       1.563097999064522E-12    2.6529004630313806       1.2546157137288706E-12   2.6529004630313806       1.1027462143245778E-12   2.6529004630313806
2.670353755551324         1.2268648448094785E-12   2.670353755551324        1.5928417419795935E-12   2.670353755551324        1.05998973225481E-12     2.670353755551324        1.3086373027948474E-12   2.670353755551324        1.0486432847033576E-12   2.670353755551324
2.6878070480712677        1.4019534247476742E-12   2.6878070480712677       1.0178384887403644E-12   2.6878070480712677       1.3566160120750586E-12   2.6878070480712677       1.0828942162951952E-12   2.6878070480712677       1.1280153502981639E-12   2.6878070480712677
2.705260340591211         1.1986700135907485E-12   2.705260340591211        1.4021011919049853E-12   2.705260340591211        1.0407566558770167E-12   2.705260340591211        9.724743924911691E-13    2.705260340591211        1.0896013768956983E-12   2.705260340591211
2.722713633111154         1.0775580576794565E-12   2.722713633111154        8.598109459596945E-13    2.722713633111154        9.403318664714251E-13    2.722713633111154        1.0336191401265627E-12   2.722713633111154        9.136410094971156E-13    2.722713633111154
2.740166925631097         1.1727411420393674E-12   2.740166925631097        1.2294649395316133E-12   2.740166925631097        1.1341218660293267E-12   2.740166925631097        9.40706525281183E-13     2.740166925631097        7.543788632824741E-13    2.740166925631097
2.7576202181510405        8.274442405370871E-13    2.7576202181510405       7.103816037462537E-13    2.7576202181510405       6.938586358378734E-13    2.7576202181510405       7.365629886792853E-13    2.7576202181510405       6.925663041640318E-13    2.7576202181510405
2.775073510670984         9.570610327017068E-13    2.775073510670984        1.0689033820397967E-12   2.775073510670984        8.855267119721026E-13    2.775073510670984        7.478415741915929E-13    2.775073510670984        7.331329315277919E-13    2.775073510670984
2.792526803190927         7.573732763409335E-13    2.792526803190927        5.779437633402314E-13    2.792526803190927        7.67073623403419E-13     2.792526803190927        7.604638561694855E-13    2.792526803190927        7.444292819428537E-13    2.792526803190927
2.8099800957108703        7.23588357060568E-13     2.8099800957108703       9.092544182226071E-13    2.8099800957108703       5.189884289337855E-13    2.8099800957108703       6.193344047805343E-13    2.8099800957108703       6.437807807588831E-13    2.8099800957108703
2.827433388230814         7.506536846037429E-13    2.827433388230814        4.675613590296656E-13    2.827433388230814        7.66433063302554E-13     2.827433388230814        5.011579276574454E-13    2.827433388230814        5.103939378908362E-13    2.827433388230814
2.844886680750757         5.246417813115652E-13    2.844886680750757        7.362784731316655E-13    2.844886680750757        4.660253957580128E-13    2.844886680750757        5.129972756928685E-13    2.844886680750757        4.1026299084342023E-13   2.844886680750757
2.8623399732707           6.178505147857713E-13    2.8623399732707          3.8435667048443476E-13   2.8623399732707          4.0082596424965927E-13   2.8623399732707          5.156594685356097E-13    2.8623399732707          3.56615318956628E-13     2.8623399732707
2.8797932657906435        3.862862102661073E-13    2.8797932657906435       5.446746161623525E-13    2.8797932657906435       5.927626501187727E-13    2.8797932657906435       3.9047766757492207E-13   2.8797932657906435       3.6470434329952835E-13   2.8797932657906435
2.897246558310587         4.327308092497485E-13    2.897246558310587        3.2825648501815115E-13   2.897246558310587        2.671174775200311E-13    2.897246558310587        3.065318650825827E-13    2.897246558310587        3.927736299545897E-13    2.897246558310587
2.9146998508305306        3.618621159803924E-13    2.9146998508305306       3.4657994486961783E-13   2.9146998508305306       2.961113241240025E-13    2.9146998508305306       3.05032813651119E-13     2.9146998508305306       3.6257819751246285E-13   2.9146998508305306
2.9321531433504737        3.116239142784202E-13    2.9321531433504737       3.0200999848024414E-13   2.9321531433504737       4.162174782470168E-13    2.9321531433504737       3.146142346331066E-13    2.9321531433504737       2.724282899055178E-13    2.9321531433504737
2.949606435870417         3.6306784592364254E-13   2.949606435870417        1.818202086352146E-13    2.949606435870417        1.406042132689525E-13    2.949606435870417        2.3769903697142844E-13   2.949606435870417        1.9052116274783629E-13   2.949606435870417
2.9670597283903604        2.1761115060332312E-13   2.9670597283903604       3.0436197797037105E-13   2.9670597283903604       2.0051429045079273E-13   2.9670597283903604       1.548584881728539E-13    2.9670597283903604       1.437679791654123E-13    2.9670597283903604
2.9845130209103035        2.693393933967681E-13    2.9845130209103035       8.939786919807185E-14    2.9845130209103035       2.7344969311684614E-13   2.9845130209103035       1.5518834960746218E-13   2.9845130209103035       1.0768807323847247E-13   2.9845130209103035
3.0019663134302466        1.1343772686292761E-13   3.0019663134302466       3.0988408631075614E-13   3.0019663134302466       6.704027358220143E-14    3.0019663134302466       1.488103227470894E-13    3.0019663134302466       8.604329667617316E-14    3.0019663134302466
3.01941960595019          1.2449434222662403E-13   3.01941960595019         6.438506169184629E-14    3.01941960595019         1.188716277790137E-13    3.01941960595019         1.5698407719137987E-13   3.01941960595019         1.0662352936121468E-13   3.01941960595019
3.036872898470133         7.79886313622423E-14     3.036872898470133        2.617388329372914E-13    3.036872898470133        1.749905554399523E-13    3.036872898470133        5.2794360905385827E-14   3.036872898470133        1.4514131916068526E-13   3.036872898470133
3.0543261909900763        9.119663095945539E-14    3.0543261909900763       5.041079688148964E-14    3.0543261909900763       5.056110439287601E-14    3.0543261909900763       9.710993271676784E-14    3.0543261909900763       1.3248407451488898E-13   3.0543261909900763
3.07177948351002          1.872704241510708E-13    3.07177948351002         1.302845840340851E-13    3.07177948351002         6.054357280094364E-14    3.07177948351002         3.220101091253476E-14    3.07177948351002         6.000242633892135E-14    3.07177948351002
3.0892327760299634        2.3691681836325444E-13   3.0892327760299634       1.4189890416908695E-14   3.0892327760299634       1.3648430091895904E-13   3.0892327760299634       1.5288190668242936E-13   3.0892327760299634       1.673377764952847E-14    3.0892327760299634
3.106686068549907         4.0773543272454236E-13   3.106686068549907        5.157076061717879E-15    3.106686068549907        1.7732666254742673E-13   3.106686068549907        4.069130305562053E-14    3.106686068549907        9.537027086725207E-14    3.106686068549907
3.12413936106985          5.574530330989837E-13    3.12413936106985         8.139261679434165E-14    3.12413936106985         6.995795273962971E-14    3.12413936106985         2.7498427872276674E-13   3.12413936106985         2.920729537610524E-13    3.12413936106985
3.141592653589793         3.1860098822628818E-40   3.141592653589793        4.896970235387999E-40    3.141592653589793        6.503156699221059E-40    3.141592653589793        8.545210936953293E-40    3.141592653589793        1.052558777255561E-39    3.141592653589793
3.159045946109736         5.574530330990167E-13    3.1241393610698505       8.139261679436125E-14    3.1241393610698505       6.995795273961035E-14    3.1241393610698505       2.749842787227454E-13    3.1241393610698505       2.920729537610654E-13    3.1241393610698505
3.1764992386296798        4.077354327245381E-13    3.106686068549907        5.157076061719618E-15    3.106686068549907        1.773266625474284E-13    3.106686068549907        4.069130305561209E-14    3.106686068549907        9.53702708672608E-14     3.106686068549907
3.193952531149623         2.3691681836325353E-13   3.089232776029964        1.4189890416907242E-14   3.089232776029964        1.3648430091897115E-13   3.089232776029964        1.528819066824243E-13    3.089232776029964        1.6733777649526322E-14   3.089232776029964
3.211405823669566         1.8727042415104853E-13   3.0717794835100207       1.3028458403405522E-13   3.0717794835100207       6.054357280092234E-14    3.0717794835100207       3.220101091253362E-14    3.0717794835100207       6.000242633894051E-14    3.0717794835100207
3.2288591161895095        9.119663095944313E-14    3.054326190990077        5.0410796881481227E-14   3.054326190990077        5.0561104392872476E-14   3.054326190990077        9.710993271676875E-14    3.054326190990077        1.3248407451490188E-13   3.054326190990077
3.2463124087094526        7.798863136222611E-14    3.036872898470134        2.617388329372801E-13    3.036872898470134        1.749905554399777E-13    3.036872898470134        5.2794360905382476E-14   3.036872898470134        1.4514131916066761E-13   3.036872898470134
3.2637657012293966        1.2449434222662196E-13   3.01941960595019         6.438506169184618E-14    3.01941960595019         1.1887162777901932E-13   3.01941960595019         1.5698407719137624E-13   3.01941960595019         1.0662352936122056E-13   3.01941960595019
3.2812189937493397        1.1343772686292477E-13   3.001966313430247        3.098840863107672E-13    3.001966313430247        6.70402735822005E-14     3.001966313430247        1.488103227470772E-13    3.001966313430247        8.604329667617805E-14    3.001966313430247
3.2986722862692828        2.693393933967745E-13    2.984513020910304        8.939786919807091E-14    2.984513020910304        2.734496931168562E-13    2.984513020910304        1.551883496074669E-13    2.984513020910304        1.0768807323847246E-13   2.984513020910304
3.3161255787892263        2.1761115060331726E-13   2.9670597283903604       3.0436197797036994E-13   2.9670597283903604       2.0051429045080358E-13   2.9670597283903604       1.5485848817286386E-13   2.9670597283903604       1.4376797916540878E-13   2.9670597283903604
3.3335788713091694        3.6306784592364335E-13   2.9496064358704173       1.8182020863520725E-13   2.9496064358704173       1.4060421326895216E-13   2.9496064358704173       2.376990369714326E-13    2.9496064358704173       1.9052116274783788E-13   2.9496064358704173
3.3510321638291125        3.1162391427842037E-13   2.932153143350474        3.020099984802487E-13    2.932153143350474        4.1621747824701987E-13   2.932153143350474        3.1461423463310154E-13   2.932153143350474        2.7242828990552407E-13   2.932153143350474
3.368485456349056         3.618621159804028E-13    2.9146998508305306       3.4657994486962954E-13   2.9146998508305306       2.961113241240047E-13    2.9146998508305306       3.050328136511276E-13    2.9146998508305306       3.625781975124699E-13    2.9146998508305306
3.385938748868999         4.32730809249748E-13     2.8972465583105875       3.28256485018155E-13     2.8972465583105875       2.6711747752003934E-13   2.8972465583105875       3.0653186508257937E-13   2.8972465583105875       3.927736299545819E-13    2.8972465583105875
3.4033920413889422        3.8628621026610793E-13   2.8797932657906444       5.446746161623237E-13    2.8797932657906444       5.927626501187927E-13    2.8797932657906444       3.9047766757492576E-13   2.8797932657906444       3.647043432994993E-13    2.8797932657906444
3.420845333908886         6.178505147857755E-13    2.862339973270701        3.843566704844483E-13    2.862339973270701        4.0082596424963544E-13   2.862339973270701        5.156594685356044E-13    2.862339973270701        3.5661531895660873E-13   2.862339973270701
3.438298626428829         5.24641781311562E-13     2.8448866807507573       7.362784731316441E-13    2.8448866807507573       4.660253957580406E-13    2.8448866807507573       5.129972756928413E-13    2.8448866807507573       4.1026299084342E-13      2.8448866807507573
3.455751918948773         7.50653684603743E-13     2.827433388230814        4.675613590296655E-13    2.827433388230814        7.664330633025615E-13    2.827433388230814        5.011579276574489E-13    2.827433388230814        5.103939378908384E-13    2.827433388230814
3.473205211468716         7.235883570605738E-13    2.8099800957108707       9.09254418222612E-13     2.8099800957108707       5.18988428933791E-13     2.8099800957108707       6.193344047805299E-13    2.8099800957108707       6.437807807588931E-13    2.8099800957108707
3.490658503988659         7.573732763409283E-13    2.7925268031909276       5.77943763340234E-13     2.7925268031909276       7.670736234034283E-13    2.7925268031909276       7.604638561694834E-13    2.7925268031909276       7.444292819428491E-13    2.7925268031909276
3.5081117965086026        9.570610327017025E-13    2.775073510670984        1.0689033820397939E-12   2.775073510670984        8.855267119721175E-13    2.775073510670984        7.478415741915937E-13    2.775073510670984        7.331329315278003E-13    2.775073510670984
3.5255650890285457        8.274442405370892E-13    2.757620218151041        7.103816037462657E-13    2.757620218151041        6.938586358378798E-13    2.757620218151041        7.365629886792884E-13    2.757620218151041        6.925663041640356E-13    2.757620218151041
3.543018381548489         1.172741142039368E-12    2.7401669256310974       1.229464939531637E-12    2.7401669256310974       1.1341218660293233E-12   2.7401669256310974       9.407065252811794E-13    2.7401669256310974       7.543788632824701E-13    2.7401669256310974
3.560471674068432         1.0775580576794652E-12   2.7227136331111548       8.598109459596946E-13    2.7227136331111548       9.403318664713896E-13    2.7227136331111548       1.033619140126563E-12    2.7227136331111548       9.136410094971428E-13    2.7227136331111548
3.5779249665883754        1.1986700135907396E-12   2.7052603405912112       1.4021011919049794E-12   2.7052603405912112       1.040756655877035E-12    2.7052603405912112       9.724743924911568E-13    2.7052603405912112       1.0896013768957036E-12   2.7052603405912112
3.5953782591083185        1.4019534247476653E-12   2.687807048071268        1.0178384887403567E-12   2.687807048071268        1.3566160120750471E-12   2.687807048071268        1.0828942162951762E-12   2.687807048071268        1.1280153502981742E-12   2.687807048071268
3.6128315516282616        1.2268648448094734E-12   2.670353755551325        1.592841741979614E-12    2.670353755551325        1.0599897322548E-12      2.670353755551325        1.3086373027948404E-12   2.670353755551325        1.0486432847033128E-12   2.670353755551325
3.6302848441482056        1.6521878879309959E-12   2.652900463031381        1.1818997932792627E-12   2.652900463031381        1.5630979990645247E-12   2.652900463031381        1.2546157137288692E-12   2.652900463031381        1.1027462143245708E-12   2.652900463031381
3.6477381366681487        1.5458748414950056E-12   2.635447170511438        1.7999482547847112E-12   2.635447170511438        1.3371264931301594E-12   2.635447170511438        1.2732646419430587E-12   2.635447170511438        1.3229349996249971E-12   2.635447170511438
3.6651914291880923        1.6149339042449329E-12   2.6179938779914944       1.3543610126083519E-12   2.6179938779914944       1.5308333257932926E-12   2.6179938779914944       1.5737133958490557E-12   2.6179938779914944       1.5079826368692719E-12   2.6179938779914944
3.6826447217080354        1.9641989015048122E-12   2.6005405854715513       2.0084743304166185E-12   2.6005405854715513       1.743614811636117E-12    2.6005405854715513       1.5371667909375837E-12   2.6005405854715513       1.442855213283159E-12    2.6005405854715513
3.7000980142279785        1.7026040436489456E-12   2.5830872929516078       1.5519691761739606E-12   2.5830872929516078       1.5267883521360227E-12   2.5830872929516078       1.5177393017021969E-12   2.5830872929516078       1.394536758435655E-12    2.5830872929516078
3.717551306747922         2.1072402072879337E-12   2.5656340004316647       2.185550173042081E-12    2.5656340004316647       2.0819519101952817E-12   2.5656340004316647       1.86273227166329E-12     2.5656340004316647       1.6329288262340393E-12   2.5656340004316647
3.735004599267865         2.1991598240938527E-12   2.548180707911721        1.8059489531012996E-12   2.548180707911721        1.6666873710660863E-12   2.548180707911721        1.7865622061205798E-12   2.548180707911721        1.8714946760808092E-12   2.548180707911721
3.752457891787808         1.981918189840003E-12    2.530727415391778        2.2875713977715343E-12   2.530727415391778        2.282569026247634E-12    2.530727415391778        1.8179598802226296E-12   2.530727415391778        1.758565080947943E-12    2.530727415391778
3.7699111843077517        2.5506847061712335E-12   2.5132741228718345       2.1549641447509448E-12   2.5132741228718345       1.914407678187901E-12    2.5132741228718345       2.1688736753549493E-12   2.5132741228718345       1.7416639380661437E-12   2.5132741228718345
3.787364476827695         2.4245565028910365E-12   2.4958208303518914       2.2950745260307034E-12   2.4958208303518914       2.404187104129132E-12    2.4958208303518914       1.9779111871337002E-12   2.4958208303518914       2.0861989989587803E-12   2.4958208303518914
3.804817769347638         2.3456876792977507E-12   2.4783675378319483       2.604229045882638E-12    2.4783675378319483       2.199267726463713E-12    2.4783675378319483       2.2304587672300646E-12   2.4783675378319483       2.1821243916100465E-12   2.4783675378319483
3.822271061867582         2.94801162506397E-12     2.4609142453120043       2.2812356846883085E-12   2.4609142453120043       2.530171143524212E-12    2.4609142453120043       2.40000015802093E-12     2.4609142453120043       1.983264525046513E-12    2.4609142453120043
3.839724354387525         2.693814091536724E-12    2.4434609527920617       3.0266416363230672E-12   2.4434609527920617       2.4673124229287253E-12   2.4434609527920617       2.2146041278950157E-12   2.4434609527920617       2.2907062500096244E-12   2.4434609527920617
3.8571776469074686        2.702372091784009E-12    2.426007660272118        2.4360644693395827E-12   2.426007660272118        2.7004730770884976E-12   2.426007660272118        2.7005447653479203E-12   2.426007660272118        2.521828166711135E-12    2.426007660272118
3.8746309394274117        3.3369273755283015E-12   2.408554367752175        3.156766383840896E-12    2.408554367752175        2.6920619626484758E-12   2.408554367752175        2.4483573411655373E-12   2.408554367752175        2.255677197217278E-12    2.408554367752175
3.8920842319473548        3.0404519765002653E-12   2.3911010752322315       2.934717402864524E-12    2.3911010752322315       2.9348018580679766E-12   2.3911010752322315       2.7901683781623974E-12   2.3911010752322315       2.591563073204004E-12    2.3911010752322315
3.9095375244672983        2.9929172375265976E-12   2.3736477827122884       2.9416128254477677E-12   2.3736477827122884       2.85466989370354E-12     2.3736477827122884       2.8184545815987394E-12   2.3736477827122884       2.7896434066647604E-12   2.3736477827122884
3.9269908169872414        3.712289634813938E-12    2.3561944901923453       3.5991218954255E-12      2.3561944901923453       3.238890242317317E-12    2.3561944901923453       2.8171430774937827E-12   2.3561944901923453       2.50749148388083E-12     2.3561944901923453
3.9444441095071845        3.499385332769457E-12    2.338741197672402        2.9399224230728946E-12   2.338741197672402        2.953380202855438E-12    2.338741197672402        3.164346380724424E-12    2.338741197672402        3.014141359628838E-12    2.338741197672402
3.9618974020271276        3.2205002467590203E-12   2.321287905152459        3.705616137242368E-12    2.321287905152459        3.5990784489252936E-12   2.321287905152459        2.902398273468296E-12    2.321287905152459        2.8890408588056757E-12   2.321287905152459
3.979350694547071         3.98245644481911E-12     2.3038346126325155       3.648999893992933E-12    2.3038346126325155       3.034706260615096E-12    2.3038346126325155       3.446762366238846E-12    2.3038346126325155       2.9155943114492582E-12   2.3038346126325155
3.9968039870670142        4.099352485007153E-12    2.2863813201125724       3.286751400746706E-12    2.2863813201125724       3.9087547354762434E-12   2.2863813201125724       3.0467360666816005E-12   2.2863813201125724       3.3502986912535255E-12   2.2863813201125724
4.014257279586958         3.543107984015672E-12    2.2689280275926285       4.249582104068378E-12    2.2689280275926285       3.2373332069072066E-12   2.2689280275926285       3.6847703532467425E-12   2.2689280275926285       2.9378326504465424E-12   2.2689280275926285
4.031710572106902         3.977225154783928E-12    2.2514747350726845       3.752631233600708E-12    2.2514747350726845       3.968445793937965E-12    2.2514747350726845       3.224237593766489E-12    2.2514747350726845       3.582068390356997E-12    2.2514747350726845
4.049163864626845         4.671717047956385E-12    2.2340214425527414       3.6987690795358686E-12   2.2340214425527414       3.763689291672973E-12    2.2340214425527414       3.890188484793175E-12    2.2340214425527414       3.158838515352087E-12    2.2340214425527414
4.066617157146788         4.269997858164223E-12    2.2165681500327987       4.647118993132884E-12    2.2165681500327987       3.719673482947301E-12    2.2165681500327987       3.440727480327422E-12    2.2165681500327987       3.688632113468377E-12    2.2165681500327987
4.084070449666731         3.881417916643591E-12    2.1991148575128556       4.028415674672877E-12    2.1991148575128556       4.45066182249422E-12     2.1991148575128556       4.0241572064326146E-12   2.1991148575128556       3.4285327703727582E-12   2.1991148575128556
4.101523742186674         4.649714900523015E-12    2.1816615649929125       3.9647788681924725E-12   2.1816615649929125       3.662899559880908E-12    2.1816615649929125       3.7662620716590475E-12   2.1816615649929125       3.809490714364303E-12    2.1816615649929125
4.118977034706617         5.195233727786359E-12    2.164208272472969        4.9940428768951496E-12   2.164208272472969        4.4862827073818326E-12   2.164208272472969        4.004925709290128E-12    2.164208272472969        3.6305099314966672E-12   2.164208272472969
4.136430327226561         4.644142777382759E-12    2.146754979953025        4.530927848271174E-12    2.146754979953025        4.463424230656169E-12    2.146754979953025        4.258874965729001E-12    2.146754979953025        4.014616137023526E-12    2.146754979953025
4.153883619746504         4.220848650153383E-12    2.1293016874330823       4.072178754998128E-12    2.1293016874330823       3.941934519693448E-12    2.1293016874330823       3.8517938599094015E-12   2.1293016874330823       3.723579564859215E-12    2.1293016874330823
4.171336912266447         4.963810481685876E-12    2.111848394913139        5.101779989669467E-12    2.111848394913139        4.997158255225209E-12    2.111848394913139        4.7034514426341894E-12   2.111848394913139        4.31610130166812E-12     2.111848394913139
4.1887902047863905        5.740172157962984E-12    2.094395102393196        5.322404556893973E-12    2.094395102393196        4.6030225091117545E-12   2.094395102393196        3.994179911293643E-12    2.094395102393196        3.732763236791061E-12    2.094395102393196
4.2062434973063345        5.422163003394341E-12    2.076941809873252        4.414032376209966E-12    2.076941809873252        4.200152843063301E-12    2.076941809873252        4.5586017742463365E-12   2.076941809873252        4.622362499213263E-12    2.076941809873252
4.223696789826278         4.650690672235258E-12    2.059488517353309        4.66489941257841E-12     2.059488517353309        5.3052157921565425E-12   2.059488517353309        4.813589383733831E-12    2.059488517353309        3.877224349400253E-12    2.059488517353309
4.241150082346221         4.757184195716269E-12    2.042035224833366        5.789617673038607E-12    2.042035224833366        5.0567793083433906E-12   2.042035224833366        4.1084680131893846E-12   2.042035224833366        4.601969987471616E-12    2.042035224833366
4.258603374866164         5.770227020452184E-12    2.024581932313423        5.626333648005593E-12    2.024581932313423        4.318036005834433E-12    2.024581932313423        5.060493486702016E-12    2.024581932313423        4.4857551679150075E-12   2.024581932313423
4.276056667386107         6.425412572185053E-12    2.0071286397934798       4.674761351670312E-12    2.0071286397934798       5.258629070212832E-12    2.0071286397934798       4.968878085499036E-12    2.0071286397934798       4.1233243238043475E-12   2.0071286397934798
4.293509959906051         6.028760209645283E-12    1.9896753472735356       4.852836749250158E-12    1.9896753472735356       5.811646724590708E-12    1.9896753472735356       4.2768095811530335E-12   1.9896753472735356       5.118086882319295E-12    1.9896753472735356
4.310963252425994         5.142748234884712E-12    1.9722220547535925       6.043692260993532E-12    1.9722220547535925       4.827967951595017E-12    1.9722220547535925       5.258117205041615E-12    1.9722220547535925       4.365671659501648E-12    1.9722220547535925
4.328416544945937         4.845788300576982E-12    1.9547687622336494       6.425966209474902E-12    1.9547687622336494       4.655605253786135E-12    1.9547687622336494       5.469479388580935E-12    1.9547687622336494       4.463211295818481E-12    1.9547687622336494
4.34586983746588          5.565686241225695E-12    1.9373154697137063       5.541889485738788E-12    1.9373154697137063       5.8319181548020724E-12   1.9373154697137063       4.486301139876641E-12    1.9373154697137063       5.420723059827143E-12    1.9373154697137063
4.363323129985823         6.681566801794524E-12    1.9198621771937632       4.767262435165607E-12    1.9198621771937632       6.2592808207090285E-12   1.9198621771937632       4.898310595935745E-12    1.9198621771937632       4.608781495463549E-12    1.9198621771937632
4.380776422505767         7.281539243113482E-12    1.9024088846738192       5.2056715097372346E-12   1.9024088846738192       5.266852553843045E-12    1.9024088846738192       5.974025209339322E-12    1.9024088846738192       4.38581378089005E-12     1.9024088846738192
4.39822971502571          6.978571553642263E-12    1.884955592153876        6.440635161825824E-12    1.884955592153876        4.6359488904787695E-12   1.884955592153876        5.572364296243785E-12    1.884955592153876        5.568479576444933E-12    1.884955592153876
4.4156830075456535        6.061410879255783E-12    1.867502299633933        7.184302713975441E-12    1.867502299633933        5.428215977934107E-12    1.867502299633933        4.561183519292151E-12    1.867502299633933        5.473813741151815E-12    1.867502299633933
4.4331363000655974        5.182309089373616E-12    1.850049007113989        6.777201660517078E-12    1.850049007113989        6.649601705990486E-12    1.850049007113989        4.90295489681615E-12     1.850049007113989        4.398339591359391E-12    1.850049007113989
4.4505895925855405        4.911618546613507E-12    1.832595714594046        5.690912429279324E-12    1.832595714594046        6.85658532812097E-12     1.832595714594046        6.1517204370340665E-12   1.832595714594046        4.6363437020598895E-12   1.832595714594046
4.468042885105484         5.425996048028275E-12    1.8151424220741028       4.859113841914687E-12    1.8151424220741028       5.895459985522906E-12    1.8151424220741028       6.563874396768823E-12    1.8151424220741028       5.899101633610148E-12    1.8151424220741028
4.485496177625427         6.495479789530121E-12    1.7976891295541597       4.900422034174225E-12    1.7976891295541597       4.8291565644454295E-12   1.7976891295541597       5.67657159729711E-12     1.7976891295541597       6.185632942074296E-12    1.7976891295541597
4.50294947014537          7.69509873282217E-12     1.7802358370342166       5.8102988474428626E-12   1.7802358370342166       4.648798055642812E-12    1.7802358370342166       4.5972611337155865E-12   1.7802358370342166       5.16501784719917E-12     1.7802358370342166
4.520402762665313         8.637230810870445E-12    1.7627825445142735       7.113646682186439E-12    1.7627825445142735       5.499778322883635E-12    1.7627825445142735       4.493889503619002E-12    1.7627825445142735       4.220189432197052E-12    1.7627825445142735
4.537856055185257         9.098022864413392E-12    1.7453292519943295       8.235688679889924E-12    1.7453292519943295       6.840625777678045E-12    1.7453292519943295       5.478703554197565E-12    1.7453292519943295       4.4579599193033696E-12   1.7453292519943295
4.5553093477052           9.031120871332527E-12    1.7278759594743864       8.799419660927632E-12    1.7278759594743864       7.97135030880015E-12     1.7278759594743864       6.834586741778887E-12    1.7278759594743864       5.683052304067269E-12    1.7278759594743864
4.572762640225144         8.519006055161646E-12    1.7104226669544424       8.711440986601801E-12    1.7104226669544424       8.444092961161547E-12    1.7104226669544424       7.786951117223434E-12    1.7104226669544424       6.9549066522491376E-12   1.7104226669544424
4.590215932745087         7.709662167955323E-12    1.6929693744344994       8.092212062017776E-12    1.6929693744344994       8.185499666944641E-12    1.6929693744344994       7.95914941177393E-12     1.6929693744344994       7.536172623852497E-12    1.6929693744344994
4.60766922526503          6.762360380155565E-12    1.6755160819145563       7.155990352144775E-12    1.6755160819145563       7.384373041285346E-12    1.6755160819145563       7.40055480538348E-12     1.6755160819145563       7.262515197776181E-12    1.6755160819145563
4.625122517784973         5.81287047092457E-12     1.6580627893946132       6.114269926349291E-12    1.6580627893946132       6.320741027667348E-12    1.6580627893946132       6.403172956924229E-12    1.6580627893946132       6.383208519079604E-12    1.6580627893946132
4.642575810304916         4.959243419020099E-12    1.64060949687467         5.129762968674795E-12    1.64060949687467         5.241969816798396E-12    1.64060949687467         5.285924683478822E-12    1.64060949687467         5.2672377708762025E-12   1.64060949687467
4.6600291028248595        4.262168407894219E-12    1.623156204354727        4.306640199905208E-12    1.623156204354727        4.312374792434301E-12    1.623156204354727        4.280637890417596E-12    1.623156204354727        4.213641794541667E-12    1.623156204354727
4.677482395344803         3.753214825972156E-12    1.6057029118347839       3.699698953033231E-12    1.6057029118347839       3.6194393063939767E-12   1.6057029118347839       3.516778493769469E-12    1.6057029118347839       3.3974707739978542E-12   1.6057029118347839
4.694935687864747         3.445451424946824E-12    1.5882496193148399       3.331387274645852E-12    1.5882496193148399       3.197470135214103E-12    1.5882496193148399       3.0490162680727196E-12   1.5882496193148399       2.8943726534751928E-12   1.5882496193148399
4.71238898038469          3.3427191372286892E-12   1.5707963267948968       3.2083405841080118E-12   1.5707963267948968       3.05614616761865E-12     1.5707963267948968       2.892329748741E-12       1.5707963267948968       2.725602980777836E-12    1.5707963267948968
4.729842272904633         3.4455889076100857E-12   1.5533430342749537       3.33132933383217E-12     1.5533430342749537       3.1969747508485037E-12   1.5533430342749537       3.048244379939246E-12    1.5533430342749537       2.89405458200665E-12     1.5533430342749537
4.747295565424577         3.753346401539305E-12    1.5358897417550097       3.699801652530748E-12    1.5358897417550097       3.6191356184474554E-12   1.5358897417550097       3.516795618376575E-12    1.5358897417550097       3.3974466883001372E-12   1.5358897417550097
4.76474885794452          4.262204230137552E-12    1.5184364492350666       4.307497861767142E-12    1.5184364492350666       4.312830702617639E-12    1.5184364492350666       4.280874524006503E-12    1.5184364492350666       4.213322321107689E-12    1.5184364492350666
4.782202150464463         4.9593950632887386E-12   1.5009831567151235       5.130564729103079E-12    1.5009831567151235       5.242767139919595E-12    1.5009831567151235       5.286199746509727E-12    1.5009831567151235       5.267685407137386E-12    1.5009831567151235
4.799655442984406         5.813215890019641E-12    1.4835298641951804       6.114357706370261E-12    1.4835298641951804       6.3210495127364995E-12   1.4835298641951804       6.403646479104777E-12    1.4835298641951804       6.383950370960318E-12    1.4835298641951804
4.817108735504349         6.76240418221017E-12     1.4660765716752373       7.156034519901351E-12    1.4660765716752373       7.383303321353296E-12    1.4660765716752373       7.400075808858361E-12    1.4660765716752373       7.261795774199492E-12    1.4660765716752373
4.834562028024293         7.709293852759295E-12    1.4486232791552933       8.093184257375599E-12    1.4486232791552933       8.185141809799969E-12    1.4486232791552933       7.956631419605602E-12    1.4486232791552933       7.536163435906845E-12    1.4486232791552933
4.852015320544236         8.519161441535649E-12    1.4311699866353502       8.713040828982815E-12    1.4311699866353502       8.444144807363803E-12    1.4311699866353502       7.787962322498165E-12    1.4311699866353502       6.955901773997613E-12    1.4311699866353502
4.869468613064179         9.03220900181335E-12     1.4137166941154071       8.801294327321942E-12    1.4137166941154071       7.971349077369005E-12    1.4137166941154071       6.837527611182515E-12    1.4137166941154071       5.683517249715536E-12    1.4137166941154071
4.886921905584122         9.098870594397495E-12    1.396263401595464        8.237776997691478E-12    1.396263401595464        6.841324285800403E-12    1.396263401595464        5.480873972106868E-12    1.396263401595464        4.457545039446276E-12    1.396263401595464
4.9043751981040655        8.637138477134744E-12    1.378810109075521        7.114848009660983E-12    1.378810109075521        5.499750240828927E-12    1.378810109075521        4.4967463005989875E-12   1.378810109075521        4.2191953767626114E-12   1.378810109075521
4.921828490624009         7.695066154320524E-12    1.3613568165555778       5.810508996517093E-12    1.3613568165555778       4.6479564855539695E-12   1.3613568165555778       4.599351166093254E-12    1.3613568165555778       5.1649101390610095E-12   1.3613568165555778
4.939281783143953         6.496030607264701E-12    1.3439035240356338       4.900506736106059E-12    1.3439035240356338       4.828317380495323E-12    1.3439035240356338       5.676931232136987E-12    1.3439035240356338       6.185196163566719E-12    1.3439035240356338
4.956735075663896         5.42632372367104E-12     1.3264502315156907       4.859393858467006E-12    1.3264502315156907       5.895183911634622E-12    1.3264502315156907       6.562335081344123E-12    1.3264502315156907       5.898236195877136E-12    1.3264502315156907
4.97418836818384          4.911232228231744E-12    1.3089969389957468       5.691023383828988E-12    1.3089969389957468       6.856731463845053E-12    1.3089969389957468       6.14818906992497E-12     1.3089969389957468       4.635687770615425E-12    1.3089969389957468
4.991641660703783         5.181595184037218E-12    1.2915436464758037       6.777544989148445E-12    1.2915436464758037       6.649932515511354E-12    1.2915436464758037       4.899391712139333E-12    1.2915436464758037       4.3985387100566894E-12   1.2915436464758037
5.009094953223726         6.061050303842188E-12    1.2740903539558606       7.185495066501224E-12    1.2740903539558606       5.4283181483831125E-12   1.2740903539558606       4.557855408044592E-12    1.2740903539558606       5.47524837188035E-12     1.2740903539558606
5.026548245743669         6.978883705544815E-12    1.2566370614359175       6.442089137873958E-12    1.2566370614359175       4.63617826372696E-12     1.2566370614359175       5.5687702601842696E-12   1.2566370614359175       5.568894749398326E-12    1.2566370614359175
5.044001538263612         7.282078801337289E-12    1.2391837689159744       5.2069094783791824E-12   1.2391837689159744       5.267618193388995E-12    1.2391837689159744       5.970633714634956E-12    1.2391837689159744       4.386101295183701E-12    1.2391837689159744
5.061454830783555         6.681653927818421E-12    1.2217304763960313       4.768146053284912E-12    1.2217304763960313       6.260538237168002E-12    1.2217304763960313       4.896377194042492E-12    1.2217304763960313       4.609415981403147E-12    1.2217304763960313
5.078908123303498         5.565392576876868E-12    1.2042771838760882       5.542042410743904E-12    1.2042771838760882       5.8335210597433194E-12   1.2042771838760882       4.485865380015276E-12    1.2042771838760882       5.420594832132809E-12    1.2042771838760882
5.096361415823442         4.845381293548053E-12    1.1868238913561442       6.424416777415344E-12    1.1868238913561442       4.656633307142037E-12    1.1868238913561442       5.471790634655686E-12    1.1868238913561442       4.463500423093023E-12    1.1868238913561442
5.113814708343385         5.142255677770583E-12    1.169370598836201        6.0415315892011326E-12   1.169370598836201        4.828925162427684E-12    1.169370598836201        5.261091938079469E-12    1.169370598836201        4.3654054439428616E-12   1.169370598836201
5.131268000863329         6.028572332750128E-12    1.151917306316257        4.851456277339458E-12    1.151917306316257        5.811933910959519E-12    1.151917306316257        4.278154830340476E-12    1.151917306316257        5.118153273483321E-12    1.151917306316257
5.1487212933832724        6.426079669684794E-12    1.134464013796314        4.673957723623383E-12    1.134464013796314        5.257388347282116E-12    1.134464013796314        4.970352438089162E-12    1.134464013796314        4.1234370533500415E-12   1.134464013796314
5.1661745859032155        5.771447658607E-12       1.117010721276371        5.626013964540063E-12    1.117010721276371        4.316338711521293E-12    1.117010721276371        5.063061819438759E-12    1.117010721276371        4.485489219685003E-12    1.117010721276371
5.183627878423159         4.7584540788038306E-12   1.0995574287564278       5.790577978225912E-12    1.0995574287564278       5.054894794359353E-12    1.0995574287564278       4.110197688714455E-12    1.0995574287564278       4.6007894469898444E-12   1.0995574287564278
5.201081170943102         4.6519075719056465E-12   1.0821041362364847       4.666612163938252E-12    1.0821041362364847       5.30392567536297E-12     1.0821041362364847       4.814735551940964E-12    1.0821041362364847       3.876613398887585E-12    1.0821041362364847
5.218534463463045         5.4233850025955844E-12   1.0646508437165416       4.4154821077447625E-12   1.0646508437165416       4.199577806479875E-12    1.0646508437165416       4.561123939149824E-12    1.0646508437165416       4.621596519237425E-12    1.0646508437165416
5.235987755982989         5.741537528159769E-12    1.0471975511965976       5.323141198507261E-12    1.0471975511965976       4.603089378888647E-12    1.0471975511965976       3.994960860278583E-12    1.0471975511965976       3.733413180118674E-12    1.0471975511965976
5.253441048502932         4.965099561579341E-12    1.0297442586766545       5.101255611432005E-12    1.0297442586766545       4.997803526300742E-12    1.0297442586766545       4.703645309709883E-12    1.0297442586766545       4.317042384978426E-12    1.0297442586766545
5.270894341022875         4.221419038289681E-12    1.0122909661567114       4.0709794108704814E-12   1.0122909661567114       3.942787296472197E-12    1.0122909661567114       3.852485220314573E-12    1.0122909661567114       3.723663983763321E-12    1.0122909661567114
5.288347633542818         4.644242646875957E-12    0.9948376736367683       4.529322109258109E-12    0.9948376736367683       4.4650204568082495E-12   0.9948376736367683       4.259779528725507E-12    0.9948376736367683       4.0152718593665485E-12   0.9948376736367683
5.305800926062761         5.195567832347394E-12    0.9773843811168252       4.991477664594503E-12    0.9773843811168252       4.4865871258268E-12      0.9773843811168252       4.005767751373226E-12    0.9773843811168252       3.6294039686982026E-12   0.9773843811168252
5.323254218582705         4.650170609745689E-12    0.9599310885968814       3.961799024107463E-12    0.9599310885968814       3.662126191668299E-12    0.9599310885968814       3.766268015737466E-12    0.9599310885968814       3.808613332256137E-12    0.9599310885968814
5.340707511102648         3.881681950343612E-12    0.9424777960769383       4.025998822121905E-12    0.9424777960769383       4.450137150541293E-12    0.9424777960769383       4.023608230276943E-12    0.9424777960769383       3.425284193342726E-12    0.9424777960769383
5.358160803622591         4.2699057296663E-12      0.9250245035569951       4.6454209371195195E-12   0.9250245035569951       3.71804377256931E-12     0.9250245035569951       3.4396703276373893E-12   0.9250245035569951       3.684171119785286E-12    0.9250245035569951
5.375614096142535         4.671435485219423E-12    0.9075712110370511       3.697630942494008E-12    0.9075712110370511       3.761184233823819E-12    0.9075712110370511       3.889067244603099E-12    0.9075712110370511       3.1545660983823143E-12   0.9075712110370511
5.3930673886624785        3.977172849808683E-12    0.890117918517108        3.751740749283862E-12    0.890117918517108        3.9667875059063455E-12   0.890117918517108        3.2228145008568855E-12   0.890117918517108        3.5783951148300512E-12   0.890117918517108
5.410520681182422         3.5430980488562223E-12   0.8726646259971649       4.249016239438183E-12    0.8726646259971649       3.236054739206354E-12    0.8726646259971649       3.682797423184627E-12    0.8726646259971649       2.9342682089573716E-12   0.8726646259971649
5.427973973702365         4.099450017936324E-12    0.8552113334772218       3.286012104074002E-12    0.8552113334772218       3.907598991125199E-12    0.8552113334772218       3.0458776419848644E-12   0.8552113334772218       3.3473906643254684E-12   0.8552113334772218
5.445427266222308         3.9830319568671825E-12   0.8377580409572788       3.648071191057785E-12    0.8377580409572788       3.0335809505436146E-12   0.8377580409572788       3.4448979346578943E-12   0.8377580409572788       2.9138402506212625E-12   0.8377580409572788
5.462880558742251         3.220987387073455E-12    0.8203047484373357       3.7048355342036045E-12   0.8203047484373357       3.5975273033194067E-12   0.8203047484373357       2.9002990385375938E-12   0.8203047484373357       2.887321861545968E-12    0.8203047484373357
5.480333851262194         3.4998695753775844E-12   0.8028514559173925       2.938988254672897E-12    0.8028514559173925       2.953601601005831E-12    0.8028514559173925       3.163425263575178E-12    0.8028514559173925       3.0141425554043795E-12   0.8028514559173925
5.497787143782138         3.713137038237991E-12    0.7853981633974485       3.598678723529371E-12    0.7853981633974485       3.2393988763203663E-12   0.7853981633974485       2.8175226172253147E-12   0.7853981633974485       2.5076680369594387E-12   0.7853981633974485
5.515240436302081         2.9932905886493036E-12   0.7679448708775054       2.941523235824986E-12    0.7679448708775054       2.855710153841223E-12    0.7679448708775054       2.8200186571102506E-12   0.7679448708775054       2.790795848312163E-12    0.7679448708775054
5.532693728822025         3.0405242523002888E-12   0.7504915783575614       2.934713151709798E-12    0.7504915783575614       2.9353471953478058E-12   0.7504915783575614       2.7920531906943904E-12   0.7504915783575614       2.593985266638258E-12    0.7504915783575614
5.550147021341968         3.337421039203125E-12    0.7330382858376183       3.1575547301438238E-12   0.7330382858376183       2.693823269682289E-12    0.7330382858376183       2.450833736589286E-12    0.7330382858376183       2.25771388333952E-12     0.7330382858376183
5.567600313861911         2.7028491754666444E-12   0.7155849933176752       2.436414897031125E-12    0.7155849933176752       2.7026928860371457E-12   0.7155849933176752       2.7027134956974272E-12   0.7155849933176752       2.5263707237621924E-12   0.7155849933176752
5.585053606381854         2.6939478374960804E-12   0.6981317007977322       3.0274402618937283E-12   0.6981317007977322       2.469782928394013E-12    0.6981317007977322       2.2163116993951925E-12   0.6981317007977322       2.295612642546042E-12    0.6981317007977322
5.602506898901797         2.948503394137024E-12    0.680678408277789        2.2822856779854934E-12   0.680678408277789        2.5321743066693276E-12   0.680678408277789        2.403104797152269E-12    0.680678408277789        1.9869841442271566E-12   0.680678408277789
5.6199601914217405        2.3461185238746737E-12   0.6632251157578459       2.6052159596627254E-12   0.6632251157578459       2.2012384872128645E-12   0.6632251157578459       2.232814799528606E-12    0.6632251157578459       2.18591290600793E-12     0.6632251157578459
5.6374134839416845        2.4244972083010535E-12   0.6457718232379019       2.297793762406058E-12    0.6457718232379019       2.406484536467201E-12    0.6457718232379019       1.980228378477593E-12    0.6457718232379019       2.0889887157492168E-12   0.6457718232379019
5.654866776461628         2.5506741392562947E-12   0.6283185307179588       2.1578832499960204E-12   0.6283185307179588       1.91540697978179E-12     0.6283185307179588       2.171248117901682E-12    0.6283185307179588       1.7433960760482592E-12   0.6283185307179588
5.672320068981571         1.9818780421669047E-12   0.6108652381980157       2.2897817444273454E-12   0.6108652381980157       2.282171571192741E-12    0.6108652381980157       1.8191453179866903E-12   0.6108652381980157       1.7595510250823072E-12   0.6108652381980157
5.689773361501514         2.1990843893157916E-12   0.5934119456780726       1.8070571843310274E-12   0.5934119456780726       1.6669036523355378E-12   0.5934119456780726       1.786040164551742E-12    0.5934119456780726       1.87143339293099E-12     0.5934119456780726
5.707226654021458         2.107624358509936E-12    0.5759586531581287       2.18614181963993E-12     0.5759586531581287       2.081389156066226E-12    0.5759586531581287       1.8611982506892603E-12   0.5759586531581287       1.6333760289747702E-12   0.5759586531581287
5.7246799465414           1.7026809727476083E-12   0.5585053606381865       1.5516024240214806E-12   0.5585053606381865       1.5255895900945927E-12   0.5585053606381865       1.516349455924692E-12    0.5585053606381865       1.3938729221862406E-12   0.5585053606381865
5.742133239061344         1.9641872807997203E-12   0.5410520681182425       2.0087500647803693E-12   0.5410520681182425       1.7418404668698125E-12   0.5410520681182425       1.5374849663556894E-12   0.5410520681182425       1.4418403293419046E-12   0.5410520681182425
5.759586531581287         1.615208241989338E-12    0.5235987755982994       1.3543869749574668E-12   0.5235987755982994       1.5303727699155381E-12   0.5235987755982994       1.573756782895018E-12    0.5235987755982994       1.5080697556192074E-12   0.5235987755982994
5.777039824101231         1.5452494708351145E-12   0.5061454830783554       1.7989388455966522E-12   0.5061454830783554       1.3365154970313906E-12   0.5061454830783554       1.2735377348430304E-12   0.5061454830783554       1.32281288911864E-12     0.5061454830783554
5.794493116621174         1.6514283801016575E-12   0.4886921905584123       1.1812156389963863E-12   0.4886921905584123       1.563110631214318E-12    0.4886921905584123       1.2548370620648461E-12   0.4886921905584123       1.1034827342988072E-12   0.4886921905584123
5.811946409141117         1.2265830320566234E-12   0.4712388980384692       1.5930582471548116E-12   0.4712388980384692       1.0598062456122089E-12   0.4712388980384692       1.3077308236742298E-12   0.4712388980384692       1.0489314990980534E-12   0.4712388980384692
5.829399701661061         1.40161977752496E-12     0.45378560551852526      1.018553443755076E-12    0.45378560551852526      1.35660740187897E-12     0.45378560551852526      1.0825287505519917E-12   0.45378560551852526      1.1288538336441371E-12   0.45378560551852526
5.8468529941810035        1.1987602617491712E-12   0.436332312998583        1.4026197133895725E-12   0.436332312998583        1.0411512320863557E-12   0.436332312998583        9.727522193560085E-13    0.436332312998583        1.0901205617924436E-12   0.436332312998583
5.8643062867009474        1.0779073416487442E-12   0.418879020478639        8.602425464143621E-13    0.418879020478639        9.404967532280435E-13    0.418879020478639        1.0331353761763321E-12   0.418879020478639        9.136027192022705E-13    0.418879020478639
5.88175957922089          1.1727668290363238E-12   0.40142572795869685      1.2294558412905547E-12   0.40142572795869685      1.1339645363903848E-12   0.40142572795869685      9.412136239899792E-13    0.40142572795869685      7.541104709377984E-13    0.40142572795869685
5.899212871740834         8.277098458124481E-13    0.3839724354387528       7.109693305511273E-13    0.3839724354387528       6.944177432994617E-13    0.3839724354387528       7.365473449093343E-13    0.3839724354387528       6.926510947990552E-13    0.3839724354387528
5.916666164260777         9.579063567840705E-13    0.36651914291880977      1.0695983792571136E-12   0.36651914291880977      8.85838874583623E-13     0.36651914291880977      7.488120695737784E-13    0.36651914291880977      7.337848676196139E-13    0.36651914291880977
5.934119456780721         7.575524003145579E-13    0.3490658503988658       5.776499742218328E-13    0.3490658503988658       7.67438130113064E-13     0.3490658503988658       7.605765320377224E-13    0.3490658503988658       7.443230717724362E-13    0.3490658503988658
5.951572749300663         7.231213261027905E-13    0.3316125578789235       9.088497868663059E-13    0.3316125578789235       5.186566464371681E-13    0.3316125578789235       6.197802167545632E-13    0.3316125578789235       6.436333876911272E-13    0.3316125578789235
5.969026041820607         7.504258450252089E-13    0.3141592653589796       4.675608726123173E-13    0.3141592653589796       7.663385766796546E-13    0.3141592653589796       5.008952289613914E-13    0.3141592653589796       5.101912837282536E-13    0.3141592653589796
5.986479334340551         5.246877521098156E-13    0.29670597283903555      7.369756568351798E-13    0.29670597283903555      4.659088330532797E-13    0.29670597283903555      5.127771412681324E-13    0.29670597283903555      4.097918930077304E-13    0.29670597283903555
6.003932626860493         6.183388595074256E-13    0.27925268031909334      3.8538821222037944E-13   0.27925268031909334      4.005101225816672E-13    0.27925268031909334      5.150301693696613E-13    0.27925268031909334      3.564390198867375E-13    0.27925268031909334
6.021385919380437         3.865333741567075E-13    0.26179938779914935      5.450828798279247E-13    0.26179938779914935      5.923371939930239E-13    0.26179938779914935      3.8978676740234194E-13   0.26179938779914935      3.6434231754188663E-13   0.26179938779914935
6.03883921190038          4.326775543433682E-13    0.24434609527920628      3.2851998469148957E-13   0.24434609527920628      2.667753105638206E-13    0.24434609527920628      3.066993025532694E-13    0.24434609527920628      3.9258469261501527E-13   0.24434609527920628
6.056292504420323         3.6183707243013914E-13   0.22689280275926318      3.4702062989442236E-13   0.22689280275926318      2.9647954402449977E-13   0.22689280275926318      3.0488261708911075E-13   0.22689280275926318      3.62679976178784E-13     0.22689280275926318
6.073745796940266         3.1160620937162227E-13   0.2094395102393201       3.023241911696506E-13    0.2094395102393201       4.1684033559901714E-13   0.2094395102393201       3.1344276863897035E-13   0.2094395102393201       2.7247730382721346E-13   0.2094395102393201
6.09119908946021          3.6333795624239834E-13   0.1919862177193761       1.8187451518853471E-13   0.1919862177193761       1.4050477283515097E-13   0.1919862177193761       2.372642361709593E-13    0.1919862177193761       1.909524098673598E-13    0.1919862177193761
6.108652381980153         2.1722306574126513E-13   0.1745329251994339       3.0382122744954833E-13   0.1745329251994339       2.003043009295721E-13    0.1745329251994339       1.5499345398462643E-13   0.1745329251994339       1.4362033752894975E-13   0.1745329251994339
6.126105674500097         2.689754442546772E-13    0.15707963267948988      8.938582299795713E-14    0.15707963267948988      2.731007977847699E-13    0.15707963267948988      1.546928434941932E-13    0.15707963267948988      1.0787621529143258E-13   0.15707963267948988
6.14355896702004          1.1362255120365327E-13   0.1396263401595468       3.097631347845895E-13    0.1396263401595468       6.702459011512391E-14    0.1396263401595468       1.491149166459452E-13    0.1396263401595468       8.583474496155045E-14    0.1396263401595468
6.161012259539983         1.2498662687790096E-13   0.12217304763960371      6.448982982495273E-14    0.12217304763960371      1.1867165008134134E-13   0.12217304763960371      1.5639920810266502E-13   0.12217304763960371      1.0700849017107327E-13   0.12217304763960371
6.178465552059927         7.808816801885004E-14    0.10471975511965972      2.6215286317466554E-13   0.10471975511965972      1.7535135666684612E-13   0.10471975511965972      5.268868921706451E-14    0.10471975511965972      1.4486229531245185E-13   0.10471975511965972
6.19591884457987          9.099543806186426E-14    0.08726646259971663      5.034368118274197E-14    0.08726646259971663      5.0493885815402884E-14   0.08726646259971663      9.753762395294691E-14    0.08726646259971663      1.3234486925952223E-13   0.08726646259971663
6.213372137099814         1.873445475195919E-13    0.06981317007977264      1.2984315474684292E-13   0.06981317007977264      6.028032767699931E-14    0.06981317007977264      3.2532837902777735E-14   0.06981317007977264      5.96575386412926E-14     0.06981317007977264
6.230825429619756         2.3664796246478953E-13   0.052359877559830424     1.4161177662720897E-14   0.052359877559830424     1.363883497846346E-13    0.052359877559830424     1.5254284211420788E-13   0.052359877559830424     1.6666843098549235E-14   0.052359877559830424
6.2482787221397           4.0745529068418095E-13   0.034906585039886445     5.285180887700168E-15    0.034906585039886445     1.778436671630312E-13    0.034906585039886445     4.0623600915730416E-14   0.034906585039886445     9.527770681963145E-14    0.034906585039886445
6.265732014659642         5.574600082089139E-13    0.017453292519944232     8.157197060252442E-14    0.017453292519944232     7.033799407684099E-14    0.017453292519944232     2.757660578253071E-13    0.017453292519944232     2.917703184637233E-13    0.017453292519944232
6.283185307179586         1.2740419362182288E-39   2.4492935982947064E-16   1.9584663219180157E-39   2.4492935982947064E-16   2.5972341547996044E-39   2.4492935982947064E-16   3.411504538094734E-39    2.4492935982947064E-16   4.214091278818723E-39    2.4492935982947064E-16
